-122.027,90.556,138.40361,36.48894,89.241
-122.027,89.956,138.40371,36.48354,89.247
-122.027,86.956,138.40421,36.45651,89.278
-120.827,84.556,138.41798,36.43504,89.303
-120.227,95.956,138.42281,36.53783,89.184
-120.227,84.556,138.42468,36.43512,89.303
-116.627,104.956,138.46157,36.61939,89.09
-116.627,104.356,138.46167,36.61398,89.097
-116.627,81.556,138.46529,36.40856,89.333
-114.227,82.756,138.49186,36.41968,89.321
-113.627,82.756,138.49855,36.41975,89.321
-113.027,82.756,138.50524,36.41983,89.32
-111.227,81.556,138.52548,36.40923,89.333
-108.227,113.956,138.55412,36.70152,88.995
-107.627,113.956,138.56084,36.7016,88.995
-107.027,113.956,138.56755,36.70167,88.995
-106.427,113.956,138.57426,36.70174,88.995
-105.227,53.956,138.5963,36.16125,89.617
-105.227,53.356,138.59638,36.15585,89.623
-104.027,83.356,138.60549,36.42631,89.313
-104.027,66.556,138.60786,36.27493,89.487
-104.027,64.156,138.6082,36.2533,89.512
-103.427,113.956,138.60783,36.70209,88.995
-103.427,67.156,138.61446,36.2804,89.481
-102.827,54.556,138.62288,36.16693,89.61
-102.227,82.756,138.62564,36.4211,89.319
-102.227,54.556,138.62955,36.167,89.61
-101.627,82.756,138.63233,36.42117,89.319
-101.627,58.156,138.63573,36.19951,89.573
-101.627,54.556,138.63622,36.16707,89.61
-100.427,115.756,138.64115,36.71865,88.975
-100.427,49.156,138.65029,36.11854,89.666
-100.427,48.556,138.65037,36.11313,89.672
-100.427,47.956,138.65045,36.10773,89.678
-100.427,47.356,138.65053,36.10232,89.684
-100.427,46.756,138.65061,36.09691,89.69
-99.827,80.956,138.65265,36.40515,89.337
-99.827,68.956,138.65428,36.29702,89.461
-98.627,37.756,138.67179,36.01601,89.783
-98.027,37.756,138.67844,36.01607,89.783
-96.827,116.956,138.68128,36.72986,88.963
-96.827,35.956,138.69199,35.99998,89.801
-96.827,35.356,138.69207,35.99457,89.807
-95.027,34.756,138.7121,35.98935,89.813
-93.227,31.156,138.73251,35.9571,89.85
-90.827,119.356,138.74814,36.75211,88.937
-89.627,25.156,138.77314,35.90338,89.911
-89.027,25.156,138.77978,35.90344,89.911
-86.027,119.356,138.80189,36.75259,88.936
-86.027,21.556,138.81343,35.87129,89.947
-83.627,125.956,138.82799,36.81229,88.867
-83.627,21.556,138.84,35.87151,89.947
-83.027,21.556,138.84665,35.87156,89.947
-82.427,21.556,138.85329,35.87162,89.947
-78.827,126.556,138.88171,36.81814,88.86
-77.027,19.756,138.91327,35.85587,89.965
-76.427,19.756,138.91991,35.85592,89.965
-75.827,19.756,138.92656,35.85597,89.965
-75.227,19.756,138.9332,35.85602,89.965
-75.227,-26.444,138.93786,35.43964,90.435
-73.427,19.756,138.95312,35.85617,89.964
-73.427,19.156,138.95318,35.85076,89.971
-73.427,18.556,138.95324,35.84535,89.977
-73.427,-24.644,138.9575,35.456,90.416
-72.827,-30.044,138.96464,35.40738,90.471
-71.627,16.756,138.97334,35.82927,89.995
-71.627,16.156,138.9734,35.82387,90.001
-71.627,15.556,138.97346,35.81846,90.007
-71.627,-46.844,138.97944,35.25605,90.64
-71.627,-47.444,138.9795,35.25065,90.646
-71.027,133.756,138.9684,36.88369,88.784
-69.827,138.556,138.98138,36.92704,88.734
-69.827,137.956,138.98144,36.92163,88.74
-69.827,137.356,138.9815,36.91622,88.746
-69.827,136.756,138.98156,36.91082,88.752
-69.827,9.556,138.99395,35.76452,90.068
-69.227,-30.644,139.00432,35.40225,90.477
-69.227,-31.844,139.00443,35.39144,90.489
-69.227,-54.044,139.00647,35.19134,90.713
-68.027,7.756,139.01402,35.74844,90.086
-68.027,-22.844,139.01682,35.47264,90.398
-68.027,-35.444,139.01797,35.35908,90.525
-68.027,-36.044,139.01802,35.35367,90.531
-68.027,-37.844,139.01819,35.33745,90.549
-66.827,144.556,139.01447,36.98134,88.67
-66.227,144.556,139.02121,36.98139,88.67
-65.627,144.556,139.02795,36.98143,88.67
-65.027,144.556,139.03469,36.98148,88.67
-65.027,-19.244,139.04956,35.50531,90.361
-64.427,144.556,139.04143,36.98152,88.67
-64.427,3.556,139.05419,35.71085,90.129
-63.827,144.556,139.04817,36.98157,88.67
-63.227,-19.244,139.0694,35.50544,90.361
-62.627,2.356,139.07418,35.70016,90.141
-62.627,-19.244,139.07602,35.50548,90.361
-60.827,1.756,139.09412,35.69488,90.147
-60.827,-18.044,139.09576,35.51642,90.348
-60.227,1.756,139.10075,35.69492,90.147
-59.627,1.756,139.10738,35.69496,90.147
-59.027,1.756,139.11401,35.695,90.147
-59.027,-16.244,139.11546,35.53276,90.33
-59.027,-164.444,139.12697,34.19685,91.809
-58.427,151.756,139.10821,37.04683,88.594
-57.227,-0.044,139.13404,35.67889,90.165
-57.227,-1.244,139.13413,35.66808,90.177
-57.227,-9.044,139.13474,35.59777,90.257
-57.227,-12.044,139.13498,35.57073,90.287
-57.227,-12.644,139.13503,35.56533,90.293
-57.227,-56.444,139.13842,35.17053,90.736
-57.227,-58.244,139.13856,35.15431,90.754
-56.627,-160.244,139.15271,34.23486,91.768
-54.827,-46.844,139.16405,35.25722,90.639
-53.627,146.356,139.16259,36.99849,88.65
-53.027,145.756,139.16938,36.99312,88.657
-53.027,143.956,139.16952,36.9769,88.675
-51.827,-45.044,139.19689,35.27362,90.621
-51.227,-44.444,139.20345,35.27906,90.615
-50.627,-150.044,139.21717,34.32716,91.667
-49.427,-43.244,139.22315,35.28998,90.602
-48.827,-43.244,139.22975,35.29001,90.602
-47.627,139.156,139.23051,36.93397,88.725
-47.627,-147.644,139.24962,34.34896,91.643
-46.427,-142.244,139.26233,34.3977,91.59
-45.827,-141.644,139.26882,34.40314,91.584
-45.827,-147.644,139.26918,34.34905,91.643
-45.827,-148.244,139.26922,34.34364,91.649
-45.827,-148.844,139.26925,34.33823,91.655
-44.627,-140.444,139.2818,34.41402,91.572
-42.827,-41.444,139.2956,35.30655,90.584
-37.427,-102.644,139.35819,34.75512,91.197
-37.427,-103.244,139.35822,34.74971,91.203
-37.427,-105.644,139.35834,34.72807,91.227
-37.427,-106.244,139.35837,34.72266,91.233
-36.827,-98.444,139.36453,34.793,91.155
-36.827,-108.044,139.36501,34.70646,91.251
-36.227,-98.444,139.37108,34.79303,91.155
-35.027,136.756,139.37209,36.91298,88.75
-33.827,-109.844,139.39785,34.69036,91.269
-32.027,137.356,139.40572,36.91851,88.743
-32.027,-100.244,139.41706,34.77697,91.173
-31.427,-39.644,139.42088,35.32327,90.565
-31.427,-100.844,139.42364,34.77158,91.179
-30.827,-39.644,139.42748,35.32329,90.565
-30.227,-39.644,139.43408,35.32331,90.565
-29.627,-39.644,139.44068,35.32333,90.565
-29.627,-106.844,139.44356,34.71756,91.239
-29.627,-109.244,139.44366,34.69592,91.262
-26.627,142.756,139.4661,36.96737,88.687
-26.027,142.756,139.47283,36.9674,88.687
-25.427,142.756,139.47957,36.96742,88.687
-24.827,142.756,139.48631,36.96744,88.686
-24.827,-174.644,139.49841,34.10647,91.908
-23.027,142.756,139.50653,36.96749,88.686
-23.027,-41.444,139.51333,35.30732,90.583
-22.427,-41.444,139.51993,35.30734,90.583
-21.827,-41.444,139.52653,35.30736,90.583
-21.227,-180.044,139.5376,34.05788,91.96
-20.627,-174.044,139.54392,34.11199,91.902
-19.427,144.556,139.5469,36.98382,88.667
-19.427,-41.444,139.55292,35.30742,90.583
-17.027,-201.644,139.58367,33.86323,92.171
-15.827,147.556,139.58725,37.01094,88.636
-15.227,-198.044,139.60303,33.89573,92.136
-14.027,-50.444,139.61252,35.22641,90.674
-14.027,-53.444,139.61259,35.19937,90.704
-14.027,-199.244,139.61604,33.88493,92.148
-13.427,-30.644,139.61864,35.40491,90.474
-13.427,-31.244,139.61866,35.3995,90.48
-13.427,-31.844,139.61867,35.39409,90.486
-13.427,-39.044,139.61884,35.32919,90.559
-13.427,-50.444,139.61911,35.22643,90.674
-13.427,-54.044,139.6192,35.19397,90.71
-13.427,-58.844,139.61931,35.15071,90.758
-13.427,-59.444,139.61932,35.1453,90.764
-13.427,-201.644,139.62258,33.8633,92.171
-12.827,-30.644,139.62525,35.40492,90.474
-12.827,-59.444,139.62591,35.14531,90.764
-12.227,148.756,139.62767,37.02183,88.623
-12.227,148.156,139.62769,37.01643,88.629
-12.227,-23.444,139.63169,35.46983,90.401
-12.227,-24.644,139.63172,35.45901,90.413
-12.227,-33.644,139.63192,35.37789,90.504
-12.227,-37.844,139.63201,35.34003,90.546
-12.227,-51.644,139.63232,35.21563,90.686
-12.227,-52.244,139.63233,35.21022,90.692
-12.227,-57.644,139.63245,35.16155,90.746
-12.227,-59.444,139.63249,35.14532,90.764
-11.627,-40.244,139.63867,35.3184,90.571
-11.627,-59.444,139.63908,35.14533,90.764
-11.027,-39.644,139.64525,35.32382,90.565
-11.027,-40.244,139.64527,35.31842,90.571
-11.027,-59.444,139.64566,35.14534,90.764
-10.427,149.956,139.64788,37.03268,88.61
-10.427,-44.444,139.65195,35.28057,90.613
-10.427,-59.444,139.65225,35.14535,90.764
-9.827,149.956,139.65462,37.03269,88.61
-9.827,-54.044,139.65873,35.19404,90.71
-9.227,-44.444,139.66514,35.28058,90.613
-8.627,-30.044,139.67148,35.4104,90.468
-8.627,-44.444,139.67174,35.28059,90.613
-8.627,-59.444,139.672,35.14538,90.764
-8.027,-45.044,139.67834,35.27519,90.619
-8.027,-52.244,139.67847,35.21029,90.692
-7.427,-24.044,139.68459,35.4645,90.407
-7.427,-52.244,139.68506,35.2103,90.692
-7.427,-283.244,139.68865,33.12762,92.958
-7.427,-283.844,139.68866,33.12221,92.963
-5.027,152.956,139.70853,37.0598,88.579
-5.027,-22.844,139.71102,35.47534,90.395
-5.027,-51.644,139.71141,35.21574,90.686
-4.427,153.556,139.71527,37.06521,88.572
-4.427,-49.844,139.71798,35.23197,90.667
-3.827,153.556,139.72202,37.06522,88.572
-3.827,-19.844,139.72421,35.5024,90.364
-3.827,-48.044,139.72455,35.2482,90.649
-3.227,153.556,139.72876,37.06522,88.572
-2.627,153.556,139.73551,37.06523,88.572
-2.627,-19.244,139.73743,35.50782,90.358
-2.627,-47.444,139.73773,35.25362,90.643
-0.827,-3.044,139.75713,35.65386,90.193
-0.827,-7.844,139.75717,35.61059,90.242
-0.827,-8.444,139.75718,35.60518,90.248
-0.827,-10.844,139.7572,35.58355,90.273
-0.827,-13.844,139.75722,35.55651,90.303
-0.827,-16.244,139.75725,35.53487,90.328
-0.827,-18.044,139.75726,35.51865,90.346
-0.827,-18.644,139.75727,35.51324,90.352
-0.827,-280.244,139.75936,33.15473,92.929
-0.827,-356.444,139.75993,32.46756,93.65
-0.827,-358.244,139.75994,32.45133,93.667
-0.227,-13.844,139.76384,35.55651,90.303
-0.227,-20.444,139.76389,35.49702,90.37
-0.227,-78.644,139.76434,34.97239,90.957
-0.227,-280.244,139.7658,33.15474,92.929
0.373,154.756,139.76924,37.07607,88.56
0.373,-13.244,139.77046,35.56192,90.297
0.373,-13.844,139.77046,35.55652,90.303
0.373,-19.844,139.7705,35.50243,90.364
0.373,-78.644,139.77091,34.97239,90.957
0.373,-357.644,139.7727,32.45675,93.661
0.973,155.356,139.77598,37.08148,88.553
0.973,-3.044,139.77701,35.65387,90.193
0.973,-18.044,139.77711,35.51866,90.346
0.973,-78.644,139.77748,34.97239,90.957
1.573,-18.044,139.78372,35.51866,90.346
2.173,-5.444,139.79028,35.63224,90.218
2.173,-13.844,139.79032,35.55652,90.303
2.173,-16.244,139.79033,35.53489,90.328
2.173,-80.444,139.79063,34.95617,90.975
2.173,-282.044,139.79153,33.13852,92.946
2.773,-15.044,139.79694,35.54571,90.315
2.773,-15.644,139.79694,35.5403,90.321
2.773,-289.844,139.79799,33.06818,93.02
3.373,-78.644,139.80376,34.9724,90.957
3.373,-81.044,139.80377,34.95077,90.981
3.973,155.356,139.80972,37.08149,88.553
3.973,-78.644,139.81033,34.9724,90.957
3.973,-81.044,139.81034,34.95077,90.981
3.973,-283.844,139.81083,33.12229,92.963
4.573,155.356,139.81647,37.08149,88.553
4.573,-9.044,139.81678,35.5998,90.254
4.573,-40.844,139.81684,35.31315,90.577
4.573,-78.644,139.81691,34.9724,90.957
5.773,-3.644,139.83002,35.64847,90.199
5.773,-39.644,139.83003,35.32397,90.564
5.773,-54.044,139.83004,35.19416,90.71
5.773,-67.844,139.83004,35.06976,90.848
5.773,-68.444,139.83004,35.06435,90.854
5.773,-77.444,139.83005,34.98322,90.945
5.773,-82.844,139.83005,34.93454,90.999
5.773,-83.444,139.83005,34.92913,91.005
5.773,-84.644,139.83005,34.91832,91.017
5.773,-85.244,139.83005,34.91291,91.023
6.373,160.756,139.83672,37.13015,88.497
6.373,-3.644,139.83665,35.64847,90.199
6.373,-53.444,139.83663,35.19957,90.704
6.373,-59.444,139.83663,35.14549,90.764
6.373,-62.444,139.83662,35.11844,90.794
6.373,-77.444,139.83662,34.98322,90.945
6.973,-3.644,139.84328,35.64847,90.199
7.573,-3.644,139.8499,35.64847,90.199
7.573,-34.844,139.84984,35.36724,90.516
8.173,-37.244,139.85644,35.3456,90.54
9.373,-46.844,139.8696,35.25906,90.637
9.373,-47.444,139.8696,35.25365,90.643
9.373,-51.644,139.86958,35.21579,90.685
11.173,162.556,139.89076,37.14636,88.478
11.773,-34.844,139.89606,35.36722,90.516
12.973,-28.244,139.90932,35.42671,90.449
12.973,-30.644,139.9093,35.40507,90.473
12.973,-31.244,139.9093,35.39966,90.48
12.973,-31.844,139.90929,35.39426,90.486
13.573,-1.844,139.91618,35.66467,90.181
14.773,-0.044,139.92945,35.68088,90.163
15.373,-0.044,139.93608,35.68088,90.163
17.173,162.556,139.9583,37.14631,88.478
17.173,-79.244,139.95489,34.96693,90.963
17.173,-82.244,139.95485,34.93989,90.993
17.773,-26.444,139.96221,35.44289,90.431
18.373,-26.444,139.96882,35.44288,90.431
18.973,-26.444,139.97543,35.44287,90.431
18.973,-73.844,139.97468,35.01559,90.909
18.973,-74.444,139.97468,35.01018,90.915
19.573,-25.244,139.98206,35.45368,90.419
20.173,1.756,139.98914,35.69705,90.145
20.773,-72.044,139.99444,35.03179,90.891
21.973,-1.844,140.00896,35.66457,90.181
21.973,-23.444,140.00853,35.46987,90.401
23.773,-23.444,140.02837,35.46984,90.401
24.373,-19.844,140.03506,35.50228,90.364
25.573,-18.044,140.04833,35.51848,90.346
26.173,-17.444,140.05496,35.52388,90.34
27.373,-15.644,140.06824,35.54008,90.322
27.973,-7.244,140.07509,35.61578,90.236
27.973,-15.644,140.07486,35.54006,90.322
27.973,-67.844,140.07346,35.06953,90.849
29.173,-7.244,140.08833,35.61575,90.236
29.173,-10.844,140.08823,35.5833,90.273
29.173,-11.444,140.08821,35.5779,90.279
29.773,158.956,140.10003,37.11363,88.516
29.773,-66.044,140.09325,35.08571,90.831
29.773,-66.644,140.09323,35.0803,90.837
30.373,158.956,140.10678,37.11362,88.516
30.373,-13.244,140.1014,35.56164,90.297
30.973,-13.244,140.10802,35.56163,90.297
31.573,-13.244,140.11464,35.56161,90.297
33.373,157.156,140.14047,37.09731,88.535
35.173,154.756,140.16063,37.07563,88.56
36.373,-61.244,140.1658,35.1288,90.783
36.973,153.556,140.18082,37.06476,88.573
38.173,151.156,140.19421,37.04309,88.598
39.973,148.156,140.21431,37.01599,88.63
40.573,148.156,140.22106,37.01597,88.63
40.573,-62.444,140.21184,35.11785,90.795
42.373,147.556,140.24126,37.0105,88.636
42.373,145.156,140.24114,36.98887,88.662
42.373,144.556,140.24111,36.98346,88.668
42.373,143.356,140.24105,36.97265,88.68
42.373,142.756,140.24102,36.96724,88.687
42.373,142.156,140.241,36.96183,88.693
42.373,-61.244,140.23164,35.1286,90.783
42.973,-61.244,140.23822,35.12858,90.783
43.573,139.156,140.25432,36.93475,88.725
47.773,137.356,140.30137,36.91836,88.744
47.773,-58.844,140.29101,35.15003,90.759
50.173,-59.444,140.31732,35.14452,90.765
53.173,133.156,140.36172,36.88025,88.788
56.773,-28.844,140.39164,35.42003,90.457
56.773,-29.444,140.3916,35.41462,90.463
56.773,-30.044,140.39157,35.40921,90.469
56.773,-37.844,140.39108,35.33891,90.548
56.773,-38.444,140.39104,35.3335,90.554
56.773,-39.044,140.39101,35.32809,90.56
58.573,-22.844,140.41185,35.47402,90.396
60.373,125.356,140.44192,36.80958,88.87
60.373,124.756,140.44188,36.80417,88.876
62.173,122.956,140.46192,36.78784,88.895
65.173,125.956,140.49576,36.8147,88.864
65.773,-10.844,140.49207,35.58177,90.275
66.973,126.556,140.51599,36.81999,88.858
67.573,-9.044,140.51206,35.59789,90.257
68.773,129.556,140.53641,36.8469,88.827
69.373,-7.244,140.53207,35.614,90.238
71.173,68.956,140.55819,36.30064,89.457
71.173,61.756,140.55759,36.23575,89.532
71.173,61.156,140.55754,36.23034,89.538
71.173,-5.444,140.55208,35.6301,90.22
72.373,139.156,140.57761,36.93317,88.726
72.373,131.356,140.57693,36.86288,88.808
72.973,135.556,140.58402,36.90069,88.764
72.973,52.756,140.57685,36.15452,89.625
72.973,52.156,140.5768,36.14911,89.631
72.973,-3.644,140.5721,35.64621,90.202
73.573,131.956,140.59044,36.8682,88.802
74.173,137.356,140.59764,36.91682,88.745
74.173,133.756,140.59733,36.88438,88.783
74.173,133.156,140.59728,36.87897,88.789
74.173,132.556,140.59723,36.87356,88.796
74.173,131.956,140.59717,36.86816,88.802
74.173,73.756,140.59201,36.34369,89.408
74.173,49.156,140.58987,36.12199,89.662
74.773,136.756,140.60432,36.91137,88.752
74.773,47.356,140.59638,36.10573,89.68
75.973,135.556,140.61767,36.90047,88.764
75.973,83.956,140.61298,36.43548,89.302
76.573,77.356,140.61908,36.37596,89.371
76.573,76.756,140.61902,36.37055,89.377
76.573,42.556,140.61594,36.06234,89.73
76.573,41.956,140.61589,36.05693,89.736
77.773,-0.044,140.62543,35.67832,90.166
78.373,97.756,140.64104,36.55966,89.159
78.373,97.156,140.64099,36.55425,89.166
78.373,96.556,140.64093,36.54885,89.172
78.373,38.356,140.63554,36.02435,89.773
80.173,34.156,140.65511,35.98637,89.816
80.173,1.756,140.6521,35.69436,90.148
80.773,1.756,140.65873,35.69432,90.148
81.973,133.756,140.68483,36.88378,88.784
82.573,133.756,140.69156,36.88374,88.784
83.173,25.756,140.68757,35.91043,89.903
83.173,22.156,140.68722,35.87799,89.94
83.773,22.156,140.69386,35.87794,89.94
84.973,131.956,140.7183,36.86732,88.803
85.573,131.956,140.72503,36.86727,88.803
85.573,116.956,140.72346,36.7321,88.96
85.573,116.356,140.7234,36.7267,88.966
85.573,115.756,140.72333,36.72129,88.972
85.573,25.156,140.71409,35.90483,89.909
86.173,131.956,140.73175,36.86722,88.803
86.773,131.956,140.73848,36.86716,88.803
87.373,131.956,140.74521,36.86711,88.803
87.373,122.956,140.74425,36.78602,88.897
87.373,22.156,140.73373,35.87765,89.94
87.373,21.556,140.73366,35.87224,89.946
89.173,18.556,140.75328,35.84505,89.977
90.973,15.556,140.77289,35.81786,90.008
90.973,14.956,140.77282,35.81245,90.014
92.173,128.356,140.79863,36.83425,88.841
92.173,3.556,140.78488,35.70961,90.13
96.373,7.756,140.83176,35.74708,90.088
97.573,3.556,140.84455,35.70912,90.131
151.573,-1135.844,141.27973,25.42773,100.247
151.573,-1136.444,141.27967,25.42232,100.252
152.173,-1134.644,141.28583,25.4385,100.238
152.173,-1135.244,141.28576,25.43309,100.243
152.173,-1135.844,141.2857,25.42767,100.247
153.973,-1206.644,141.29596,24.78851,100.773
153.973,-1209.044,141.29571,24.76685,100.79
153.973,-1209.644,141.29565,24.76143,100.795
154.573,-1209.644,141.30158,24.76137,100.795
155.773,-1205.444,141.31389,24.79916,100.764
157.573,-1205.444,141.33168,24.79899,100.764
171.373,-1267.244,141.46092,24.23979,101.214
171.973,-1267.844,141.46676,24.23432,101.218
235.573,-994.244,142.13922,26.69435,99.169
235.573,-994.844,142.13911,26.68894,99.174
237.373,-997.244,142.15674,26.667,99.193
237.373,-997.844,142.15663,26.66159,99.198
237.373,-998.444,142.15652,26.65618,99.202
237.973,-998.444,142.16254,26.65608,99.202
238.573,-999.044,142.16846,26.65057,99.207
238.573,-999.644,142.16835,26.64516,99.212
238.573,-1000.244,142.16824,26.63975,99.217
238.573,-1000.844,142.16813,26.63434,99.221
239.773,-940.244,142.1915,27.18065,98.742
239.773,-940.844,142.19139,27.17524,98.747
239.773,-941.444,142.19128,27.16983,98.752
239.773,-949.244,142.1898,27.09949,98.814
240.373,-954.644,142.19482,27.05069,98.857
241.573,-946.844,142.20839,27.12083,98.795
241.573,-947.444,142.20828,27.11541,98.8
241.573,-949.244,142.20794,27.09918,98.814
241.573,-949.844,142.20782,27.09377,98.819
241.573,-950.444,142.20771,27.08836,98.824
242.173,-946.244,142.21455,27.12613,98.791
242.173,-949.844,142.21387,27.09367,98.819
242.773,-1009.244,142.20871,26.55788,99.288
243.373,-951.644,142.22561,27.07723,98.834
-118.727,102.256,138.43854,36.59479,89.119
-118.727,83.656,138.44155,36.42721,89.312
-111.527,107.656,138.51816,36.64436,89.061
-110.327,113.056,138.53076,36.69316,89.005
-109.727,113.056,138.53747,36.69323,89.005
-109.727,81.856,138.54216,36.41212,89.329
-104.927,83.656,138.59541,36.4289,89.31
-104.327,53.656,138.60634,36.15865,89.62
-103.127,51.256,138.62001,36.13716,89.644
-102.527,51.256,138.62667,36.13723,89.644
-101.927,51.256,138.63334,36.1373,89.644
-100.727,68.056,138.64438,36.28881,89.471
-97.727,116.656,138.67125,36.72706,88.966
-89.927,118.456,138.75833,36.7441,88.946
-81.527,20.656,138.86335,35.86359,89.956
-75.527,127.456,138.9186,36.82654,88.85
-74.927,127.456,138.92532,36.82659,88.85
-70.727,-23.744,138.98716,35.46433,90.407
-64.727,-58.544,139.05627,35.15111,90.758
-59.327,-58.544,139.11553,35.15147,90.757
-57.527,-164.744,139.14327,34.19424,91.812
-55.727,-47.744,139.15423,35.24905,90.648
-55.727,-162.944,139.16267,34.21058,91.794
-52.127,141.856,139.17979,36.95803,88.697
-46.727,138.256,139.24068,36.92591,88.735
-46.727,-42.344,139.25278,35.29824,90.593
-46.727,-148.544,139.25945,34.34089,91.652
-46.127,138.256,139.24741,36.92594,88.735
-40.127,-40.544,139.32524,35.31479,90.575
-36.527,136.456,139.35527,36.91021,88.753
-35.327,-108.944,139.38143,34.69841,91.26
-34.727,-99.344,139.38752,34.78498,91.164
-34.127,-99.344,139.39407,34.785,91.164
-30.527,-110.744,139.4339,34.68237,91.277
-22.727,-173.144,139.52112,34.12005,91.893
-22.127,-173.144,139.52763,34.12007,91.893
-21.527,143.656,139.52334,36.97565,88.677
-21.527,-173.144,139.53413,34.12008,91.893
-20.927,143.656,139.53008,36.97567,88.677
-20.327,143.656,139.53682,36.97568,88.677
-19.127,-42.344,139.55625,35.29931,90.592
-17.927,145.456,139.56372,36.99197,88.658
-16.127,-198.344,139.59331,33.893,92.139
-14.927,147.256,139.59737,37.00826,88.639
-13.127,-55.544,139.62253,35.18046,90.725
-13.127,-56.744,139.62255,35.16964,90.737
-13.127,-57.944,139.62258,35.15882,90.749
-10.727,-34.544,139.64845,35.3698,90.513
-10.727,-36.344,139.64848,35.35358,90.531
-9.527,-29.744,139.66156,35.41309,90.464
-8.927,-27.344,139.66813,35.43473,90.44
-8.927,-53.144,139.6686,35.20216,90.701
-6.527,152.656,139.69167,37.05707,88.582
-5.927,152.656,139.69842,37.05708,88.582
-5.927,-20.744,139.70107,35.49426,90.373
-4.127,-21.944,139.72093,35.48347,90.385
-2.927,-22.544,139.73416,35.47807,90.391
0.673,-6.344,139.77372,35.62412,90.227
0.673,-80.144,139.7742,34.95887,90.972
1.273,-12.944,139.78038,35.56463,90.294
1.273,-80.144,139.78077,34.95887,90.972
3.073,-4.544,139.80021,35.64036,90.209
3.673,-41.144,139.80694,35.31045,90.58
4.873,-81.944,139.8202,34.94266,90.99
4.873,-284.744,139.82047,33.11417,92.972
5.473,-284.744,139.8269,33.11417,92.972
6.073,-63.944,139.83333,35.10492,90.809
6.073,-284.744,139.83333,33.11417,92.972
6.673,-42.344,139.83993,35.29963,90.592
7.273,-77.744,139.84648,34.98052,90.948
8.473,-45.944,139.85971,35.26718,90.628
8.473,-85.544,139.8596,34.9102,91.026
9.073,-85.544,139.86616,34.9102,91.026
11.473,-85.544,139.89243,34.91019,91.026
12.073,-36.344,139.89935,35.3537,90.531
12.073,-85.544,139.89899,34.91018,91.026
12.673,-85.544,139.90556,34.91018,91.026
13.273,-85.544,139.91213,34.91018,91.026
14.473,-27.344,139.92585,35.43481,90.44
19.273,-23.744,139.97878,35.46721,90.404
19.873,161.656,139.98868,37.13816,88.487
20.473,161.656,139.99543,37.13815,88.487
21.073,161.656,140.00219,37.13814,88.487
21.073,-25.544,139.99858,35.45096,90.422
21.673,161.656,140.00894,37.13813,88.487
22.273,-71.144,140.0109,35.03988,90.882
24.673,-69.344,140.03724,35.05607,90.864
26.473,159.856,140.06292,37.12182,88.506
27.073,159.856,140.06967,37.12181,88.506
30.073,-11.744,140.09813,35.57517,90.282
30.073,-16.544,140.09799,35.5319,90.331
30.673,-8.144,140.10486,35.6076,90.246
30.673,-14.744,140.10466,35.54811,90.313
30.673,-63.944,140.10318,35.10462,90.809
32.473,-12.944,140.12457,35.56429,90.294
32.473,-62.144,140.12298,35.1208,90.791
41.473,-62.144,140.22173,35.12052,90.792
42.073,-62.144,140.22831,35.1205,90.792
45.073,138.256,140.27111,36.92658,88.734
46.873,138.256,140.29132,36.92651,88.734
48.673,136.456,140.31142,36.9102,88.753
49.873,-58.544,140.31407,35.15264,90.756
51.073,-576.944,140.30203,30.47787,95.663
53.473,-54.944,140.35379,35.18493,90.72
54.073,-54.944,140.36038,35.1849,90.72
54.673,-54.944,140.36697,35.18487,90.72
55.273,-54.944,140.37356,35.18484,90.72
55.873,127.456,140.39163,36.82875,88.848
56.473,127.456,140.39835,36.82872,88.848
57.073,127.456,140.40508,36.82868,88.848
59.473,125.656,140.43186,36.81233,88.867
59.473,-20.744,140.4219,35.4929,90.375
66.673,-9.944,140.50207,35.58983,90.266
68.473,-8.144,140.52207,35.60594,90.247
70.273,-6.344,140.54208,35.62205,90.229
79.273,134.656,140.65462,36.89211,88.774
79.273,99.856,140.65129,36.57852,89.138
79.273,0.856,140.64208,35.68632,90.157
79.873,134.656,140.66135,36.89206,88.774
82.873,27.856,140.68444,35.92938,89.881
82.873,2.656,140.68202,35.70227,90.139
83.473,2.656,140.68865,35.70222,90.139
84.073,108.856,140.70584,36.65924,89.044
84.073,26.656,140.69762,35.91847,89.894
84.673,26.656,140.70427,35.91842,89.894
89.473,131.056,140.76866,36.85882,88.813
91.873,14.056,140.78269,35.80426,90.023
94.873,4.456,140.81481,35.71748,90.122
95.473,4.456,140.82144,35.71743,90.122
96.073,4.456,140.82807,35.71737,90.122
96.673,4.456,140.8347,35.71732,90.122
97.873,6.856,140.84824,35.73883,90.097
98.473,6.856,140.85487,35.73878,90.097
98.473,2.656,140.85439,35.70093,90.14
99.073,6.856,140.8615,35.73872,90.097
234.073,-885.344,142.14432,27.67669,98.3
237.673,-995.744,142.16003,26.68048,99.181
237.673,-999.944,142.15926,26.6426,99.214
241.273,-952.544,142.20429,27.06947,98.841
241.273,-954.944,142.20383,27.04783,98.86
242.473,-947.744,142.21729,27.11256,98.803
243.073,-947.744,142.22334,27.11245,98.803
-121.127,94.156,138.41306,36.5215,89.203
-119.327,101.956,138.43189,36.59201,89.122
-119.327,101.356,138.43198,36.5866,89.128
-119.327,99.556,138.43228,36.57039,89.147
-119.327,98.956,138.43237,36.56498,89.153
-119.327,98.356,138.43247,36.55958,89.159
-119.327,97.756,138.43257,36.55417,89.166
-115.727,106.756,138.47135,36.63572,89.071
-106.127,54.556,138.58621,36.16656,89.611
-104.927,113.956,138.59105,36.70192,88.995
-104.927,52.756,138.5998,36.15047,89.629
-104.927,52.156,138.59989,36.14507,89.635
-103.127,62.956,138.61838,36.24259,89.524
-103.127,62.356,138.61846,36.23718,89.53
-103.127,61.756,138.61855,36.23178,89.536
-101.327,59.956,138.63882,36.21576,89.555
-101.327,50.956,138.64005,36.13466,89.647
-101.327,44.956,138.64086,36.08059,89.709
-101.327,40.156,138.64151,36.03734,89.758
-101.327,39.556,138.6416,36.03193,89.765
-99.527,80.356,138.65607,36.39978,89.343
-99.527,79.756,138.65615,36.39437,89.35
-99.527,79.156,138.65623,36.38897,89.356
-99.527,78.556,138.65632,36.38356,89.362
-99.527,77.956,138.6564,36.37815,89.368
-99.527,74.956,138.6568,36.35112,89.399
-99.527,74.356,138.65689,36.34571,89.406
-99.527,73.756,138.65697,36.34031,89.412
-99.527,73.156,138.65705,36.3349,89.418
-99.527,72.556,138.65713,36.32949,89.424
-99.527,71.956,138.65721,36.32409,89.43
-99.527,70.156,138.65745,36.30787,89.449
-99.527,69.556,138.65754,36.30246,89.455
-94.127,32.356,138.72239,35.96782,89.838
-92.327,29.356,138.74271,35.94097,89.868
-92.327,28.756,138.74279,35.93556,89.874
-92.327,28.156,138.74286,35.93015,89.88
-92.327,27.556,138.74293,35.92474,89.887
-83.327,125.356,138.83142,36.80692,88.873
-83.327,122.356,138.83177,36.77988,88.905
-83.327,121.756,138.83184,36.77448,88.911
-83.327,121.156,138.83191,36.76907,88.917
-74.327,129.556,138.93183,36.84557,88.828
-74.327,127.756,138.93202,36.82935,88.847
-74.327,-25.244,138.94765,35.45052,90.422
-70.727,143.956,138.97073,36.97562,88.677
-70.727,143.356,138.97079,36.97022,88.683
-70.727,142.756,138.97085,36.96481,88.69
-70.727,142.156,138.97091,36.9594,88.696
-70.727,141.556,138.97097,36.954,88.702
-70.727,140.956,138.97104,36.94859,88.708
-70.727,140.356,138.9711,36.94318,88.715
-70.727,139.756,138.97116,36.93778,88.721
-70.727,12.556,138.98371,35.79149,90.038
-70.727,-45.044,138.98916,35.27235,90.622
-68.927,-31.244,139.00768,35.39687,90.483
-68.927,-43.244,139.00878,35.28871,90.604
-67.127,5.956,139.02413,35.73228,90.105
-67.127,-55.244,139.02964,35.18068,90.725
-59.927,148.156,139.09166,37.01429,88.632
-59.927,-17.444,139.10563,35.52189,90.342
-58.127,0.556,139.12405,35.68424,90.159
-58.127,-2.444,139.12429,35.6572,90.19
-58.127,-3.044,139.12434,35.65179,90.196
-58.127,-162.644,139.13661,34.21314,91.792
-58.127,-163.244,139.13665,34.20773,91.798
-58.127,-163.844,139.13669,34.20232,91.803
-57.527,151.156,139.11837,37.04149,88.6
-57.527,-52.244,139.1348,35.20837,90.694
-57.527,-52.844,139.13485,35.20297,90.7
-57.527,-53.444,139.13489,35.19756,90.706
-57.527,-57.044,139.13517,35.16511,90.742
-57.527,-57.644,139.13522,35.1597,90.748
-55.727,148.156,139.13885,37.01457,88.632
-50.927,-150.644,139.21395,34.32174,91.673
-47.327,-145.244,139.25273,34.37061,91.62
-45.527,138.556,139.25413,36.92868,88.732
-45.527,-141.044,139.27205,34.40857,91.578
-44.927,-129.044,139.27786,34.51678,91.46
-44.927,-142.244,139.27864,34.39778,91.59
-44.327,139.156,139.26756,36.93415,88.725
-44.327,-139.844,139.28503,34.41944,91.566
-37.727,137.356,139.34175,36.91826,88.744
-34.727,-109.244,139.388,34.69573,91.263
-30.527,-102.044,139.43353,34.7608,91.191
-30.527,-102.644,139.43355,34.75539,91.197
-29.327,138.556,139.43597,36.92943,88.731
-25.727,-40.844,139.48362,35.31265,90.577
-25.727,-176.444,139.48872,34.09021,91.925
-19.727,-174.644,139.55369,34.1066,91.908
-18.527,-42.644,139.56285,35.29662,90.595
-16.727,-46.844,139.58276,35.25881,90.637
-16.727,-199.244,139.58685,33.88488,92.148
-14.927,-48.644,139.60259,35.24262,90.655
-13.127,-54.644,139.6225,35.18857,90.716
-12.527,-24.044,139.6284,35.46442,90.407
-12.527,-25.244,139.62843,35.4536,90.419
-12.527,-38.444,139.62873,35.33461,90.553
-12.527,-42.644,139.62882,35.29675,90.595
-10.727,-55.844,139.64888,35.1778,90.728
-8.927,-42.644,139.66841,35.29681,90.595
-8.927,-43.244,139.66842,35.29141,90.601
-8.927,-43.844,139.66843,35.286,90.607
-7.727,152.356,139.67818,37.05435,88.585
-7.727,151.756,139.67819,37.04895,88.591
-5.327,-19.844,139.70767,35.50238,90.364
-5.327,-20.444,139.70768,35.49697,90.37
-5.327,-50.444,139.7081,35.22655,90.673
-5.327,-51.044,139.7081,35.22114,90.679
-4.727,-23.444,139.71433,35.46994,90.401
-3.527,-22.844,139.72755,35.47536,90.395
-2.927,-18.044,139.73411,35.51863,90.346
-2.327,-281.444,139.74329,33.1439,92.94
-2.327,-282.044,139.7433,33.13849,92.946
-1.727,-4.844,139.74721,35.63763,90.212
-1.727,-5.444,139.74722,35.63222,90.218
-1.727,-6.644,139.74723,35.6214,90.23
-1.727,-7.244,139.74723,35.61599,90.236
-1.727,-7.844,139.74724,35.61058,90.242
-1.727,-11.444,139.74727,35.57813,90.279
-1.727,-12.044,139.74728,35.57273,90.285
-1.727,-16.244,139.74732,35.53487,90.328
-1.727,-16.844,139.74733,35.52946,90.334
-0.527,-79.244,139.76106,34.96697,90.963
-0.527,-285.644,139.76262,33.10604,92.98
0.073,-9.644,139.76712,35.59437,90.261
0.073,-10.244,139.76713,35.58896,90.267
0.073,-357.044,139.76951,32.46216,93.656
1.273,-286.244,139.78191,33.10064,92.986
1.273,-286.844,139.78191,33.09523,92.992
4.873,-41.444,139.82014,35.30774,90.583
6.073,-6.044,139.83334,35.62684,90.224
6.673,-39.044,139.83993,35.32938,90.558
6.673,-60.044,139.83992,35.14008,90.77
6.673,-61.844,139.83992,35.12385,90.788
6.673,-64.244,139.83991,35.10222,90.812
6.673,-85.844,139.8399,34.9075,91.029
7.273,-285.644,139.84619,33.10606,92.98
8.473,-36.044,139.85974,35.35642,90.528
8.473,-36.644,139.85974,35.35101,90.534
8.473,-73.244,139.85963,35.02108,90.902
8.473,-76.844,139.85962,34.98863,90.939
9.073,-35.444,139.86635,35.36182,90.522
10.273,-4.844,139.87971,35.63765,90.212
10.273,-5.444,139.87971,35.63224,90.218
10.873,-85.844,139.88586,34.90749,91.029
13.273,-5.444,139.91283,35.63222,90.218
13.873,-33.644,139.91918,35.37802,90.504
14.473,-0.644,139.92613,35.67548,90.169
14.473,-4.244,139.92609,35.64303,90.206
17.473,-25.244,139.95892,35.45371,90.419
18.073,-0.644,139.9659,35.67544,90.169
18.073,-76.844,139.96478,34.98856,90.939
19.273,-25.844,139.97874,35.44828,90.425
19.873,-24.644,139.98537,35.45909,90.413
19.873,-73.244,139.98456,35.02099,90.903
21.673,-71.444,140.00432,35.03719,90.885
22.873,-21.644,140.01849,35.48608,90.382
23.473,-21.044,140.02511,35.49148,90.376
23.473,-70.244,140.02407,35.04798,90.873
29.473,-12.044,140.0915,35.57248,90.285
30.073,-14.444,140.09805,35.55083,90.31
30.073,-15.044,140.09803,35.54542,90.316
31.873,-10.244,140.11804,35.58865,90.267
31.873,-10.844,140.11802,35.58324,90.273
31.873,-11.444,140.118,35.57783,90.279
31.873,-13.844,140.11793,35.5562,90.304
34.273,155.356,140.15053,37.08106,88.554
37.873,151.756,140.19087,37.04851,88.592
37.873,150.556,140.19082,37.03769,88.605
37.873,149.956,140.19079,37.03229,88.611
37.873,-61.244,140.18226,35.12876,90.783
43.273,-60.644,140.24154,35.13398,90.777
50.473,133.756,140.33146,36.88579,88.782
51.073,-575.444,140.30209,30.4914,95.649
52.273,-55.844,140.34057,35.17687,90.729
54.073,128.956,140.37155,36.84236,88.832
54.073,128.356,140.37151,36.83695,88.838
55.873,-54.044,140.3802,35.19293,90.711
57.673,-25.244,140.40178,35.45243,90.42
57.673,-25.844,140.40174,35.44703,90.426
57.673,-39.644,140.40087,35.32264,90.566
57.673,-43.244,140.40064,35.29019,90.602
57.673,-48.044,140.40034,35.24692,90.651
57.673,-48.644,140.4003,35.24151,90.657
61.273,124.156,140.45192,36.79871,88.883
61.273,-17.444,140.44197,35.52255,90.341
63.073,-14.444,140.46202,35.54948,90.311
63.073,-15.044,140.46198,35.54408,90.317
64.273,124.156,140.48554,36.79853,88.883
64.873,-12.044,140.48205,35.57101,90.287
72.073,56.356,140.56715,36.18702,89.587
72.073,55.756,140.5671,36.18162,89.594
72.073,-4.844,140.56207,35.63545,90.214
73.273,134.956,140.58733,36.89526,88.771
73.873,73.156,140.58862,36.3383,89.414
73.873,72.556,140.58857,36.33289,89.42
73.873,71.956,140.58852,36.32749,89.427
73.873,71.356,140.58846,36.32208,89.433
73.873,49.756,140.58659,36.12742,89.656
75.673,79.156,140.60921,36.39224,89.352
75.673,75.556,140.60888,36.3598,89.389
75.673,44.956,140.60616,36.08403,89.705
76.873,83.956,140.62302,36.43541,89.302
77.473,94.156,140.63065,36.52729,89.197
77.473,93.556,140.6306,36.52188,89.203
77.473,40.756,140.62577,36.04605,89.748
77.473,40.156,140.62572,36.04064,89.755
79.273,36.556,140.64536,36.00807,89.792
81.073,103.156,140.67173,36.60811,89.103
81.073,32.356,140.66492,35.97008,89.835
82.873,107.956,140.69233,36.65122,89.054
82.873,30.556,140.68471,35.95371,89.854
84.673,113.356,140.71301,36.69974,88.997
84.673,112.756,140.71295,36.69433,89.004
84.673,112.156,140.71289,36.68892,89.01
86.473,120.556,140.73391,36.76447,88.922
86.473,23.356,140.72388,35.88854,89.928
88.273,124.756,140.75453,36.80216,88.879
88.273,19.756,140.74344,35.85594,89.965
90.073,127.756,140.77503,36.82903,88.847
90.073,16.756,140.76306,35.82875,89.995
91.873,128.956,140.79534,36.83968,88.835
93.673,11.356,140.8023,35.77977,90.051
95.473,8.956,140.82194,35.75798,90.076
97.273,7.156,140.84164,35.74159,90.094
99.073,5.956,140.8614,35.73061,90.107
99.073,4.156,140.86119,35.71439,90.125
99.073,3.556,140.86112,35.70898,90.131
153.673,-1210.244,141.29262,24.75604,100.799
154.273,-1207.244,141.29887,24.78306,100.777
154.273,-1207.844,141.2988,24.77765,100.781
154.273,-1208.444,141.29874,24.77223,100.786
158.473,-1206.644,141.34045,24.78807,100.773
158.473,-1207.244,141.34039,24.78265,100.777
235.873,-995.444,142.14201,26.68348,99.179
236.473,-993.644,142.14836,26.69962,99.165
237.073,-999.044,142.1534,26.65082,99.207
240.673,-952.844,142.19819,27.06687,98.843
240.673,-953.444,142.19807,27.06146,98.848
240.673,-954.044,142.19796,27.05605,98.852
-122.027,84.856,138.40456,36.43759,89.3
-102.227,114.856,138.62113,36.71034,88.985
-101.027,46.456,138.64399,36.09414,89.694
-100.427,38.656,138.6517,36.02392,89.774
-95.627,35.056,138.70541,35.99199,89.81
-93.227,118.456,138.72138,36.74376,88.946
-88.427,118.456,138.77513,36.74425,88.946
-87.827,24.256,138.79318,35.89545,89.92
-81.827,125.656,138.84819,36.80976,88.87
-80.627,125.656,138.86164,36.80987,88.87
-78.827,18.856,138.89344,35.8476,89.974
-73.427,134.656,138.94138,36.8916,88.775
-69.827,-53.144,138.9998,35.19941,90.704
-68.027,-39.944,139.01838,35.31852,90.571
-63.227,2.656,139.06753,35.70282,90.138
-60.827,147.256,139.08163,37.00611,88.641
-57.227,-6.344,139.13453,35.62211,90.229
-56.627,149.056,139.12867,37.02262,88.622
-56.027,-160.544,139.15924,34.23219,91.771
-53.027,-45.944,139.18377,35.26544,90.63
-50.627,-44.144,139.21002,35.2818,90.612
-47.627,140.656,139.23041,36.94749,88.71
-37.427,-99.344,139.35802,34.78487,91.164
-34.427,136.456,139.37883,36.9103,88.753
-29.627,-104.144,139.44345,34.7419,91.212
-28.427,140.056,139.446,36.94298,88.715
-24.227,-180.944,139.50513,34.04968,91.969
-14.027,-202.544,139.61611,33.85518,92.18
-13.427,-200.144,139.62254,33.87683,92.156
-11.627,-22.544,139.63828,35.47795,90.392
-9.827,-57.944,139.6588,35.15888,90.749
-8.027,-22.544,139.67796,35.47801,90.392
-8.027,-282.944,139.68222,33.13031,92.955
-6.827,-284.144,139.6951,33.11951,92.966
-4.427,-18.944,139.71758,35.51051,90.355
-4.427,-47.744,139.71795,35.2509,90.646
-3.827,-50.144,139.72457,35.22927,90.67
-3.227,-47.744,139.73114,35.25091,90.646
-2.027,-18.944,139.74404,35.51053,90.355
-0.827,-20.144,139.75728,35.49972,90.367
0.373,-17.144,139.77048,35.52677,90.337
0.973,-11.144,139.77706,35.58086,90.276
0.973,-281.144,139.77866,33.14663,92.937
1.573,-7.544,139.78366,35.61331,90.239
3.373,-9.944,139.80354,35.59168,90.264
5.173,-39.944,139.82344,35.32126,90.567
5.773,159.856,139.82997,37.12204,88.506
5.773,-37.544,139.83003,35.3429,90.543
6.373,-288.944,139.83655,33.0763,93.012
7.573,-52.544,139.84981,35.20768,90.695
51.373,-56.744,140.33064,35.1688,90.738
56.773,-51.344,140.39025,35.21722,90.684
60.373,-18.944,140.43194,35.50908,90.357
63.973,-13.544,140.47201,35.55754,90.302
71.773,131.056,140.57018,36.86022,88.811
76.573,-0.944,140.61209,35.67029,90.175
80.173,101.656,140.66152,36.59467,89.119
83.173,24.256,140.68742,35.89691,89.918
83.773,29.056,140.69453,35.94012,89.869
86.773,2.656,140.72511,35.70195,90.139
89.173,126.856,140.76484,36.821,88.857
155.773,-1208.744,141.31353,24.76938,100.788
156.973,-1204.544,141.32585,24.80717,100.757
