2.023,-18.194,139.78868,35.51731,90.347
2.023,-18.494,139.78869,35.51461,90.35
2.023,-18.794,139.78869,35.5119,90.353
2.023,-78.794,139.78898,34.97104,90.958
2.023,-79.994,139.78899,34.96023,90.97
2.023,-281.594,139.78992,33.14257,92.942
2.023,-289.694,139.78996,33.06953,93.019
2.323,-2.594,139.79192,35.65793,90.189
2.323,-4.994,139.79193,35.6363,90.213
2.323,-18.194,139.79199,35.51731,90.347
2.323,-78.794,139.79226,34.97105,90.958
2.323,-79.994,139.79227,34.96023,90.97
2.323,-289.694,139.79317,33.06953,93.019
2.623,-4.694,139.79524,35.639,90.21
2.623,-4.994,139.79524,35.6363,90.213
2.623,-5.294,139.79524,35.63359,90.216
2.623,-5.594,139.79525,35.63089,90.219
2.623,-9.194,139.79526,35.59844,90.256
2.623,-14.294,139.79528,35.55247,90.308
2.623,-14.594,139.79528,35.54977,90.311
2.623,-16.094,139.79529,35.53624,90.326
2.623,-40.994,139.79539,35.31179,90.578
2.623,-78.794,139.79555,34.97105,90.958
2.623,-80.894,139.79556,34.95212,90.979
2.623,-282.794,139.79636,33.13175,92.953
2.623,-283.094,139.79636,33.12905,92.956
2.923,-3.494,139.79855,35.64982,90.198
2.923,-5.594,139.79856,35.63089,90.219
2.923,-5.894,139.79856,35.62819,90.222
2.923,-6.194,139.79856,35.62548,90.225
2.923,-8.894,139.79857,35.60115,90.253
2.923,-9.794,139.79857,35.59303,90.262
2.923,-16.094,139.7986,35.53625,90.326
2.923,-40.994,139.79869,35.3118,90.578
2.923,-78.794,139.79884,34.97105,90.958
2.923,-80.894,139.79884,34.95212,90.979
2.923,-283.094,139.79957,33.12905,92.956
2.923,-290.294,139.7996,33.06412,93.025
3.223,-3.494,139.80186,35.64982,90.198
3.223,-3.794,139.80186,35.64712,90.201
3.223,-4.094,139.80187,35.64441,90.204
3.223,-8.594,139.80188,35.60385,90.25
3.223,-15.494,139.8019,35.54166,90.32
3.223,-15.794,139.80191,35.53895,90.323
3.223,-40.994,139.80199,35.3118,90.578
3.223,-289.694,139.80281,33.06953,93.019
3.223,-289.994,139.80281,33.06683,93.022
3.523,155.506,139.80466,37.08284,88.552
3.523,155.206,139.80466,37.08013,88.555
3.523,-8.294,139.80519,35.60656,90.247
3.523,-8.594,139.80519,35.60385,90.25
3.523,-15.794,139.80521,35.53895,90.323
3.523,-283.394,139.80601,33.12635,92.959
3.523,-283.694,139.80601,33.12364,92.962
3.523,-283.994,139.80601,33.12093,92.965
3.823,-7.994,139.8085,35.60926,90.244
3.823,-8.294,139.8085,35.60656,90.247
3.823,-81.494,139.8087,34.94671,90.985
3.823,-283.394,139.80922,33.12635,92.959
3.823,-290.594,139.80924,33.06142,93.028
4.123,-7.994,139.81181,35.60926,90.244
4.123,-9.194,139.81182,35.59844,90.256
4.123,-9.494,139.81182,35.59574,90.259
4.123,-40.994,139.81189,35.3118,90.578
4.123,-41.294,139.81189,35.30909,90.581
4.123,-78.194,139.81198,34.97646,90.952
4.123,-81.494,139.81198,34.94671,90.985
4.123,-290.594,139.81245,33.06142,93.028
4.423,-9.494,139.81513,35.59574,90.259
4.423,-9.794,139.81513,35.59304,90.262
4.423,-41.294,139.81519,35.30909,90.581
4.423,-71.294,139.81525,35.03866,90.883
4.423,-78.194,139.81526,34.97646,90.952
4.423,-81.794,139.81527,34.94401,90.988
4.423,-283.994,139.81565,33.12094,92.965
4.423,-284.294,139.81565,33.11823,92.967
4.423,-284.594,139.81565,33.11553,92.97
4.423,-284.894,139.81565,33.11282,92.973
4.423,-290.594,139.81566,33.06142,93.028
4.723,159.106,139.81815,37.11528,88.514
4.723,-8.594,139.81844,35.60385,90.25
4.723,-9.494,139.81844,35.59574,90.259
4.723,-71.594,139.81854,35.03596,90.886
4.723,-290.594,139.81888,33.06142,93.028
5.023,159.406,139.82153,37.11799,88.511
5.023,159.106,139.82153,37.11528,88.514
5.023,158.806,139.82153,37.11258,88.517
5.023,157.906,139.82153,37.10447,88.527
5.023,157.606,139.82153,37.10177,88.53
5.023,157.306,139.82153,37.09906,88.533
5.023,157.006,139.82153,37.09636,88.536
5.023,155.506,139.82153,37.08284,88.552
5.023,155.206,139.82154,37.08014,88.555
5.023,-9.194,139.82175,35.59845,90.256
5.023,-40.394,139.82179,35.31721,90.572
5.023,-40.694,139.82179,35.3145,90.575
5.023,-40.994,139.82179,35.3118,90.578
5.023,-54.794,139.8218,35.1874,90.717
5.023,-55.094,139.8218,35.1847,90.72
5.023,-55.394,139.8218,35.18199,90.723
5.023,-55.694,139.82181,35.17929,90.726
5.023,-55.994,139.82181,35.17658,90.729
5.023,-56.294,139.82181,35.17388,90.732
5.023,-56.594,139.82181,35.17118,90.735
5.023,-56.894,139.82181,35.16847,90.738
5.023,-57.794,139.82181,35.16036,90.747
5.023,-58.094,139.82181,35.15765,90.75
5.023,-58.394,139.82181,35.15495,90.753
5.023,-78.194,139.82183,34.97646,90.952
5.023,-78.494,139.82183,34.97376,90.955
5.023,-78.794,139.82183,34.97105,90.958
5.023,-82.394,139.82184,34.9386,90.994
5.023,-290.594,139.82209,33.06142,93.028
5.023,-290.894,139.82209,33.05872,93.03
5.323,159.706,139.82491,37.12069,88.508
5.323,-3.494,139.82505,35.64983,90.198
5.323,-3.794,139.82505,35.64712,90.201
5.323,-54.194,139.8251,35.19281,90.711
5.323,-54.494,139.8251,35.19011,90.714
5.323,-58.394,139.8251,35.15495,90.753
5.323,-67.694,139.82511,35.07112,90.847
5.323,-67.994,139.82511,35.06841,90.85
5.323,-68.294,139.82511,35.06571,90.853
5.323,-77.894,139.82512,34.97917,90.949
5.323,-82.694,139.82512,34.93589,90.997
5.623,-40.094,139.82839,35.31991,90.569
5.623,-54.494,139.82839,35.19011,90.714
5.623,-58.394,139.82839,35.15495,90.753
5.623,-62.894,139.8284,35.11439,90.799
5.623,-68.894,139.8284,35.0603,90.859
5.623,-71.594,139.8284,35.03596,90.886
5.623,-77.894,139.8284,34.97917,90.949
5.623,-84.194,139.82841,34.92237,91.012
5.623,-291.494,139.82851,33.05331,93.036
5.923,160.306,139.83166,37.1261,88.501
5.923,-6.494,139.83168,35.62278,90.228
5.923,-36.794,139.83168,35.34966,90.536
5.923,-37.094,139.83168,35.34696,90.539
5.923,-37.994,139.83168,35.33884,90.548
5.923,-40.094,139.83168,35.31991,90.569
5.923,-42.194,139.83168,35.30098,90.59
5.923,-53.594,139.83169,35.19822,90.705
5.923,-54.494,139.83169,35.19011,90.714
5.923,-58.394,139.83169,35.15495,90.753
5.923,-58.694,139.83169,35.15225,90.756
5.923,-58.994,139.83169,35.14954,90.759
5.923,-62.594,139.83169,35.11709,90.796
5.923,-62.894,139.83169,35.11439,90.799
5.923,-63.194,139.83169,35.11168,90.802
5.923,-63.494,139.83169,35.10898,90.805
5.923,-67.394,139.83169,35.07382,90.844
5.923,-68.894,139.83169,35.0603,90.859
5.923,-69.194,139.83169,35.05759,90.862
5.923,-69.494,139.83169,35.05489,90.865
5.923,-71.294,139.83169,35.03866,90.883
5.923,-71.594,139.83169,35.03596,90.886
5.923,-76.994,139.83169,34.98728,90.94
5.923,-77.894,139.83169,34.97917,90.949
5.923,-83.894,139.83169,34.92508,91.009
5.923,-84.194,139.83169,34.92237,91.012
5.923,-291.494,139.83173,33.05331,93.036
5.923,-291.794,139.83173,33.0506,93.039
6.223,-6.494,139.83499,35.62278,90.228
6.223,-6.794,139.83499,35.62008,90.232
6.223,-7.094,139.83499,35.61738,90.235
6.223,-36.494,139.83499,35.35236,90.533
6.223,-37.694,139.83498,35.34155,90.545
6.223,-39.194,139.83498,35.32803,90.56
6.223,-42.194,139.83498,35.30098,90.59
6.223,-76.994,139.83498,34.98728,90.94
6.223,-77.894,139.83498,34.97917,90.949
6.223,-85.394,139.83497,34.91155,91.024
6.223,-85.694,139.83497,34.90885,91.027
6.223,-289.394,139.83494,33.07224,93.016
6.523,-4.094,139.83831,35.64442,90.204
6.523,-4.394,139.83831,35.64171,90.207
6.523,-4.694,139.83831,35.63901,90.21
6.523,-4.994,139.83831,35.6363,90.213
6.523,-36.194,139.83829,35.35507,90.53
6.523,-36.494,139.83829,35.35236,90.533
6.523,-37.694,139.83829,35.34155,90.545
6.523,-52.994,139.83828,35.20363,90.699
6.523,-63.794,139.83827,35.10627,90.808
6.523,-67.094,139.83827,35.07652,90.841
6.523,-71.894,139.83827,35.03325,90.889
6.523,-76.994,139.83826,34.98728,90.94
6.523,-77.894,139.83826,34.97917,90.949
6.523,-85.394,139.83826,34.91155,91.024
6.523,-284.894,139.83816,33.11282,92.973
6.823,160.906,139.84179,37.1315,88.495
6.823,160.606,139.84179,37.1288,88.498
6.823,-37.694,139.84159,35.34155,90.545
6.823,-37.994,139.84159,35.33884,90.548
6.823,-38.294,139.84158,35.33614,90.551
6.823,-38.594,139.84158,35.33343,90.554
6.823,-52.994,139.84157,35.20363,90.699
6.823,-53.294,139.84157,35.20092,90.702
6.823,-53.594,139.84157,35.19822,90.705
6.823,-59.294,139.84156,35.14684,90.762
6.823,-59.594,139.84156,35.14413,90.765
6.823,-60.494,139.84156,35.13602,90.774
6.823,-60.794,139.84156,35.13332,90.777
6.823,-61.094,139.84156,35.13061,90.781
6.823,-61.394,139.84156,35.12791,90.784
6.823,-62.294,139.84156,35.11979,90.793
6.823,-62.594,139.84156,35.11709,90.796
6.823,-63.794,139.84156,35.10627,90.808
6.823,-64.694,139.84156,35.09816,90.817
6.823,-64.994,139.84156,35.09545,90.82
6.823,-66.794,139.84156,35.07923,90.838
6.823,-67.094,139.84156,35.07652,90.841
6.823,-71.894,139.84155,35.03325,90.889
6.823,-72.194,139.84155,35.03055,90.892
6.823,-77.594,139.84155,34.98187,90.946
6.823,-77.894,139.84155,34.97917,90.949
6.823,-85.394,139.84154,34.91155,91.024
6.823,-284.894,139.84137,33.11282,92.973
6.823,-288.794,139.84137,33.07765,93.01
7.123,-34.694,139.84489,35.36859,90.514
7.123,-34.994,139.84489,35.36588,90.517
7.123,-37.394,139.84489,35.34425,90.542
7.123,-52.694,139.84487,35.20633,90.696
7.123,-284.894,139.84458,33.11282,92.973
7.123,-285.194,139.84458,33.11012,92.976
7.123,-288.794,139.84458,33.07765,93.01
7.423,161.506,139.84854,37.13691,88.489
7.423,-4.094,139.84824,35.64442,90.204
7.423,-34.394,139.84819,35.37129,90.511
7.423,-35.294,139.84819,35.36318,90.52
7.423,-37.394,139.84819,35.34425,90.542
7.423,-43.094,139.84818,35.29287,90.599
7.723,-4.094,139.85156,35.64442,90.204
7.723,-35.294,139.85149,35.36318,90.52
7.723,-37.394,139.85149,35.34425,90.542
7.723,-43.094,139.85148,35.29287,90.599
7.723,-43.394,139.85147,35.29016,90.602
7.723,-45.194,139.85147,35.27394,90.62
7.723,-45.494,139.85147,35.27123,90.623
7.723,-77.294,139.85141,34.98457,90.943
7.723,-77.594,139.85141,34.98187,90.946
7.723,-77.894,139.85141,34.97916,90.949
8.023,-34.694,139.85479,35.36859,90.514
8.023,-35.894,139.85479,35.35777,90.527
8.023,-45.794,139.85477,35.26853,90.626
8.023,-72.794,139.8547,35.02514,90.898
8.023,-73.094,139.8547,35.02243,90.901
8.023,-85.394,139.85467,34.91155,91.024
8.023,-85.694,139.85467,34.90885,91.027
8.023,-287.594,139.85422,33.08847,92.999
8.023,-287.894,139.85422,33.08577,93.002
8.023,-288.194,139.85422,33.08306,93.005
8.023,-288.494,139.85422,33.08036,93.008
8.323,161.506,139.85867,37.13691,88.489
8.323,-72.794,139.85799,35.02514,90.898
8.323,-73.694,139.85799,35.01703,90.907
8.323,-76.394,139.85798,34.99269,90.934
8.623,161.506,139.86205,37.13691,88.489
8.623,-4.394,139.8615,35.64171,90.207
8.623,-37.094,139.86139,35.34695,90.539
8.623,-37.394,139.86139,35.34425,90.542
8.623,-46.394,139.86136,35.26312,90.633
8.623,-51.794,139.86134,35.21444,90.687
8.623,-72.794,139.86128,35.02514,90.898
8.623,-73.694,139.86128,35.01702,90.907
8.623,-73.994,139.86127,35.01432,90.91
8.623,-74.294,139.86127,35.01162,90.913
8.623,-74.594,139.86127,35.00891,90.916
8.623,-74.894,139.86127,35.00621,90.919
8.623,-75.194,139.86127,35.0035,90.922
8.623,-75.494,139.86127,35.0008,90.925
8.623,-75.794,139.86127,34.99809,90.928
8.623,-76.094,139.86127,34.99539,90.931
8.623,-76.394,139.86127,34.99268,90.934
8.923,-4.394,139.86481,35.64171,90.207
8.923,-46.694,139.86466,35.26041,90.636
8.923,-46.994,139.86466,35.25771,90.639
8.923,-51.794,139.86464,35.21444,90.687
9.223,162.406,139.86881,37.14502,88.479
9.223,-4.394,139.86812,35.64171,90.207
9.223,-47.894,139.86795,35.2496,90.648
9.523,162.406,139.87218,37.14501,88.479
9.523,-4.394,139.87143,35.64171,90.207
9.523,-35.594,139.8713,35.36047,90.524
9.523,-47.894,139.87125,35.2496,90.648
9.523,-48.194,139.87124,35.24689,90.651
9.523,-48.494,139.87124,35.24419,90.654
9.523,-48.794,139.87124,35.24148,90.657
9.523,-49.094,139.87124,35.23878,90.66
9.523,-50.594,139.87123,35.22526,90.675
9.523,-50.894,139.87123,35.22255,90.678
9.523,-51.194,139.87123,35.21985,90.681
9.523,-85.394,139.87109,34.91155,91.024
9.523,-85.694,139.87109,34.90884,91.027
9.523,-85.994,139.87109,34.90614,91.03
9.823,162.406,139.87556,37.14501,88.479
9.823,-4.394,139.87475,35.64171,90.207
9.823,-5.594,139.87474,35.63089,90.219
9.823,-5.894,139.87474,35.62819,90.222
9.823,-35.594,139.8746,35.36047,90.524
10.123,-4.394,139.87806,35.6417,90.207
10.123,-5.894,139.87805,35.62818,90.222
10.123,-35.594,139.8779,35.36047,90.524
10.423,162.406,139.88231,37.14501,88.479
10.423,-4.394,139.88137,35.6417,90.207
10.423,-5.894,139.88136,35.62818,90.222
10.423,-6.194,139.88136,35.62548,90.225
10.723,162.406,139.88569,37.14501,88.479
10.723,-6.194,139.88467,35.62548,90.225
10.723,-85.394,139.88422,34.91154,91.024
11.023,-6.194,139.88799,35.62548,90.225
11.023,-85.394,139.8875,34.91154,91.024
11.623,-5.294,139.89462,35.63358,90.216
11.623,-5.594,139.89461,35.63088,90.219
11.623,-5.894,139.89461,35.62818,90.222
11.623,-36.194,139.8944,35.35505,90.53
11.623,-36.494,139.8944,35.35235,90.533
11.923,-5.294,139.89793,35.63358,90.216
11.923,-6.194,139.89792,35.62547,90.225
11.923,-6.494,139.89792,35.62277,90.228
11.923,-35.294,139.89771,35.36316,90.521
12.223,-5.294,139.90124,35.63358,90.216
12.223,-6.494,139.90123,35.62276,90.229
12.223,-28.994,139.90106,35.41995,90.457
12.223,-29.294,139.90106,35.41725,90.46
12.223,-29.594,139.90105,35.41454,90.463
12.223,-29.894,139.90105,35.41184,90.466
12.223,-30.194,139.90105,35.40913,90.469
12.223,-34.994,139.90101,35.36587,90.517
12.223,-35.294,139.90101,35.36316,90.521
12.223,-35.594,139.90101,35.36046,90.524
12.223,-35.894,139.90101,35.35775,90.527
12.523,162.706,139.90596,37.1477,88.476
12.523,162.406,139.90595,37.145,88.479
12.523,-28.394,139.90437,35.42536,90.451
12.523,-30.494,139.90435,35.40643,90.472
12.523,-30.794,139.90435,35.40372,90.475
12.523,-85.994,139.90391,34.90613,91.03
12.823,162.406,139.90933,37.145,88.479
12.823,-5.294,139.90787,35.63358,90.216
12.823,-27.794,139.90768,35.43076,90.445
12.823,-33.794,139.90763,35.37668,90.505
13.123,162.406,139.91271,37.14499,88.479
13.123,-5.894,139.91117,35.62817,90.222
13.123,-27.794,139.91098,35.43076,90.445
13.123,-33.794,139.91093,35.37668,90.505
13.123,-34.094,139.91093,35.37397,90.508
13.123,-34.394,139.91092,35.37127,90.511
13.123,-34.694,139.91092,35.36856,90.514
13.423,162.406,139.91608,37.14499,88.479
13.423,-2.294,139.91452,35.66061,90.186
13.423,-2.594,139.91451,35.65791,90.189
13.423,-2.894,139.91451,35.65521,90.192
13.423,-3.194,139.91451,35.6525,90.195
13.423,-27.494,139.91429,35.43346,90.442
13.423,-33.794,139.91423,35.37668,90.505
13.723,162.406,139.91946,37.14499,88.479
13.723,-2.294,139.91783,35.66061,90.186
13.723,-3.194,139.91782,35.6525,90.195
13.723,-5.294,139.9178,35.63357,90.216
13.723,-27.494,139.91759,35.43346,90.442
13.723,-32.294,139.91755,35.39019,90.49
13.723,-85.394,139.91705,34.91153,91.024
13.723,-85.694,139.91705,34.90882,91.027
14.023,162.706,139.92284,37.14769,88.476
14.023,162.406,139.92284,37.14499,88.479
14.023,-1.694,139.92115,35.66602,90.18
14.023,-1.994,139.92115,35.66331,90.183
14.023,-5.294,139.92111,35.63357,90.216
14.023,-27.194,139.9209,35.43616,90.439
14.023,-27.494,139.9209,35.43346,90.442
14.023,-32.294,139.92085,35.39019,90.49
14.023,-32.594,139.92085,35.38749,90.493
14.023,-32.894,139.92084,35.38478,90.496
14.023,-33.194,139.92084,35.38208,90.499
14.023,-85.394,139.92033,34.91152,91.024
14.323,0.106,139.92448,35.68224,90.161
14.323,-0.194,139.92448,35.67954,90.164
14.323,-1.094,139.92447,35.67142,90.174
14.323,-1.394,139.92447,35.66872,90.177
14.323,-1.694,139.92446,35.66602,90.18
14.323,-3.794,139.92444,35.64709,90.201
14.323,-4.694,139.92443,35.63897,90.21
14.323,-4.994,139.92443,35.63627,90.213
14.623,-1.094,139.92778,35.67142,90.174
14.623,-4.694,139.92775,35.63897,90.21
14.923,-4.394,139.93106,35.64167,90.207
14.923,-4.694,139.93106,35.63897,90.21
14.923,-26.894,139.93081,35.43886,90.436
14.923,-27.194,139.93081,35.43616,90.439
14.923,-27.494,139.93081,35.43345,90.442
15.223,-1.394,139.93441,35.66871,90.177
15.223,-4.394,139.93437,35.64167,90.207
15.223,-84.494,139.93348,34.91963,91.015
15.223,-84.794,139.93347,34.91692,91.018
15.523,-0.494,139.93773,35.67682,90.167
15.523,-84.494,139.93676,34.91962,91.015
15.823,0.106,139.94105,35.68223,90.161
15.823,-0.194,139.94105,35.67952,90.164
15.823,-26.594,139.94073,35.44156,90.433
16.123,0.106,139.94437,35.68222,90.161
16.123,-83.594,139.94334,34.92773,91.006
16.423,0.106,139.94768,35.68222,90.161
16.723,163.306,139.95325,37.15307,88.47
16.723,0.106,139.951,35.68222,90.161
16.723,-0.194,139.95099,35.67951,90.164
16.723,-26.594,139.95064,35.44155,90.433
17.023,163.006,139.95662,37.15036,88.473
17.023,-0.194,139.95431,35.67951,90.164
17.023,-0.494,139.9543,35.67681,90.167
17.023,-26.594,139.95395,35.44154,90.433
17.023,-79.694,139.95324,34.96288,90.967
17.023,-81.794,139.95321,34.94395,90.988
17.023,-82.694,139.9532,34.93584,90.997
17.323,163.006,139.96,37.15036,88.473
17.323,1.006,139.95764,35.69032,90.152
17.323,-26.594,139.95725,35.44154,90.433
17.323,-79.694,139.95653,34.96288,90.967
17.323,-81.794,139.9565,34.94395,90.988
17.623,162.406,139.96336,37.14495,88.479
17.623,1.006,139.96095,35.69032,90.152
17.623,0.706,139.96095,35.68762,90.155
17.623,0.406,139.96094,35.68491,90.158
17.623,-79.694,139.95981,34.96287,90.967
17.623,-81.794,139.95978,34.94394,90.988
17.623,-82.094,139.95978,34.94124,90.991
17.923,162.406,139.96674,37.14495,88.479
17.923,-76.394,139.96314,34.99262,90.934
17.923,-77.294,139.96313,34.98451,90.943
17.923,-77.594,139.96313,34.9818,90.946
17.923,-77.894,139.96312,34.9791,90.949
17.923,-78.194,139.96312,34.97639,90.952
18.223,162.406,139.97012,37.14494,88.479
18.223,-76.394,139.96643,34.99261,90.934
18.223,-77.294,139.96642,34.9845,90.943
18.523,162.406,139.9735,37.14494,88.479
18.523,-23.894,139.97051,35.46586,90.405
18.523,-76.394,139.96972,34.99261,90.934
18.523,-76.694,139.96971,34.98991,90.937
18.823,162.406,139.97687,37.14493,88.479
18.823,-23.594,139.97382,35.46856,90.402
18.823,-23.894,139.97382,35.46586,90.405
18.823,-25.094,139.9738,35.45504,90.417
18.823,-74.894,139.97303,35.00613,90.919
18.823,-75.194,139.97302,35.00343,90.922
19.123,-25.094,139.9771,35.45504,90.417
19.123,-25.394,139.9771,35.45234,90.42
19.423,-23.294,139.98044,35.47126,90.399
19.423,-26.294,139.98039,35.44422,90.43
19.423,-26.594,139.98038,35.44151,90.433
19.423,-73.694,139.97962,35.01694,90.907
19.423,-73.994,139.97961,35.01423,90.91
19.723,162.106,139.987,37.14222,88.482
19.723,1.906,139.98417,35.6984,90.143
19.723,1.606,139.98417,35.6957,90.146
19.723,-23.894,139.98373,35.46585,90.405
19.723,-24.194,139.98373,35.46314,90.408
19.723,-25.694,139.9837,35.44962,90.423
19.723,-72.794,139.98292,35.02505,90.898
19.723,-73.694,139.98291,35.01694,90.907
20.023,1.306,139.98748,35.69299,90.149
20.023,-0.194,139.98745,35.67947,90.164
20.023,-1.394,139.98743,35.66866,90.177
20.023,-25.094,139.98702,35.45503,90.417
20.023,-25.394,139.98701,35.45232,90.42
20.023,-25.694,139.98701,35.44962,90.423
20.023,-72.794,139.98621,35.02504,90.898
20.323,1.306,139.99079,35.69299,90.149
20.323,1.006,139.99079,35.69028,90.152
20.323,0.706,139.99078,35.68758,90.155
20.323,0.406,139.99077,35.68488,90.158
20.323,0.106,139.99077,35.68217,90.161
20.323,-0.194,139.99076,35.67947,90.164
20.323,-1.394,139.99074,35.66865,90.177
20.323,-2.594,139.99072,35.65783,90.189
20.323,-25.694,139.99031,35.44961,90.423
20.323,-72.794,139.9895,35.02504,90.898
20.323,-73.094,139.98949,35.02234,90.901
20.623,-2.594,139.99404,35.65783,90.189
20.623,-23.594,139.99366,35.46854,90.402
20.623,-23.894,139.99365,35.46584,90.405
20.623,-25.694,139.99362,35.44961,90.423
20.623,-72.494,139.99279,35.02774,90.895
20.623,-72.794,139.99278,35.02504,90.898
20.923,-2.594,139.99735,35.65783,90.189
20.923,-24.194,139.99695,35.46313,90.408
21.223,-2.594,140.00066,35.65782,90.189
21.223,-24.194,140.00026,35.46312,90.408
21.223,-24.494,140.00025,35.46042,90.411
21.223,-24.794,140.00025,35.45771,90.414
21.223,-25.094,140.00024,35.45501,90.417
21.223,-71.894,139.99937,35.03314,90.889
21.223,-72.194,139.99937,35.03044,90.892
21.523,-1.694,140.00399,35.66593,90.18
21.523,-22.994,140.00358,35.47393,90.396
21.523,-23.294,140.00358,35.47123,90.399
21.523,-23.894,140.00357,35.46582,90.405
21.523,-70.994,140.00268,35.04125,90.88
21.523,-71.894,140.00266,35.03314,90.889
21.823,-2.294,140.00729,35.66052,90.186
21.823,-22.694,140.0069,35.47663,90.393
21.823,-22.994,140.00689,35.47393,90.396
21.823,-23.894,140.00687,35.46582,90.405
21.823,-70.994,140.00597,35.04124,90.88
22.123,161.506,140.014,37.13677,88.489
22.123,-2.294,140.01061,35.66051,90.186
22.123,-22.994,140.0102,35.47392,90.396
22.123,-23.894,140.01018,35.46581,90.405
22.423,161.506,140.01738,37.13677,88.489
22.423,-23.294,140.0135,35.47122,90.399
22.423,-23.594,140.01349,35.46851,90.402
22.423,-23.894,140.01348,35.46581,90.405
22.723,161.506,140.02076,37.13676,88.489
22.723,-2.594,140.01723,35.6578,90.189
22.723,-23.894,140.01679,35.4658,90.405
22.723,-70.994,140.01583,35.04123,90.88
22.723,-71.294,140.01583,35.03853,90.883
23.023,161.806,140.02414,37.13946,88.486
23.023,161.506,140.02413,37.13676,88.489
23.023,-2.594,140.02054,35.65779,90.189
23.023,-2.894,140.02054,35.65509,90.192
23.023,-21.194,140.02015,35.49013,90.378
23.023,-22.094,140.02013,35.48202,90.387
23.023,-22.394,140.02013,35.47932,90.39
23.023,-70.994,140.01912,35.04122,90.88
23.323,161.506,140.02751,37.13675,88.489
23.323,-23.294,140.02341,35.4712,90.399
23.323,-70.694,140.02242,35.04392,90.877
23.623,161.506,140.03089,37.13675,88.489
23.623,-3.494,140.02715,35.64967,90.198
23.623,-23.894,140.02671,35.46579,90.405
23.923,161.506,140.03426,37.13674,88.489
23.923,-3.494,140.03046,35.64966,90.198
23.923,-3.794,140.03046,35.64696,90.201
23.923,-19.694,140.0301,35.50364,90.363
23.923,-19.994,140.0301,35.50094,90.366
23.923,-21.194,140.03007,35.49012,90.378
23.923,-23.894,140.03001,35.46578,90.405
23.923,-70.094,140.029,35.04932,90.871
24.223,161.506,140.03764,37.13673,88.489
24.223,-19.394,140.03342,35.50634,90.36
24.223,-21.194,140.03338,35.49011,90.378
24.223,-69.194,140.03231,35.05743,90.862
24.223,-69.494,140.03231,35.05473,90.865
24.223,-69.794,140.0323,35.05202,90.868
24.523,-4.394,140.03707,35.64154,90.207
24.523,-19.394,140.03672,35.50633,90.36
24.523,-20.294,140.0367,35.49822,90.369
24.523,-21.194,140.03668,35.49011,90.378
24.823,-4.394,140.04038,35.64153,90.207
24.823,-4.694,140.04037,35.63883,90.21
24.823,-19.694,140.04002,35.50362,90.363
24.823,-19.994,140.04002,35.50092,90.366
24.823,-20.294,140.04001,35.49822,90.369
24.823,-20.594,140.04,35.49551,90.372
24.823,-20.894,140.04,35.49281,90.375
24.823,-21.194,140.03999,35.4901,90.378
25.123,160.906,140.04775,37.13131,88.495
25.123,160.606,140.04775,37.12861,88.498
25.123,-18.194,140.04337,35.51714,90.348
25.123,-69.194,140.04218,35.05741,90.862
25.423,-5.294,140.04698,35.63341,90.216
25.423,-17.594,140.04669,35.52254,90.341
25.423,-18.494,140.04667,35.51443,90.351
25.423,-19.394,140.04665,35.50632,90.36
25.423,-69.194,140.04547,35.05741,90.862
25.723,-5.294,140.0503,35.6334,90.217
25.723,-5.594,140.05029,35.6307,90.22
25.723,-17.294,140.05,35.52524,90.338
25.723,-17.594,140.05,35.52254,90.341
25.723,-18.494,140.04997,35.51442,90.351
25.723,-18.794,140.04997,35.51172,90.354
25.723,-19.094,140.04996,35.50901,90.357
25.723,-19.394,140.04995,35.50631,90.36
25.723,-69.194,140.04876,35.0574,90.862
26.023,160.006,140.05786,37.12318,88.505
26.023,159.706,140.05785,37.12048,88.508
26.323,-6.194,140.0569,35.62528,90.226
26.623,-6.194,140.06021,35.62527,90.226
26.623,-6.494,140.0602,35.62257,90.229
26.623,-15.794,140.05997,35.53874,90.323
26.623,-16.094,140.05996,35.53604,90.326
26.623,-16.394,140.05995,35.53333,90.329
26.623,-17.294,140.05993,35.52522,90.338
26.623,-17.594,140.05992,35.52252,90.341
26.923,-15.794,140.06327,35.53874,90.323
27.223,-7.094,140.06681,35.61715,90.235
27.523,160.006,140.07474,37.12315,88.505
27.523,159.706,140.07473,37.12044,88.508
27.523,-7.094,140.07012,35.61714,90.235
27.523,-7.394,140.07011,35.61444,90.238
27.523,-7.694,140.07011,35.61173,90.241
27.523,-15.194,140.06991,35.54413,90.317
27.823,159.706,140.07811,37.12044,88.508
27.823,-7.694,140.07342,35.61173,90.241
27.823,-7.994,140.07341,35.60902,90.244
27.823,-14.894,140.07322,35.54683,90.314
27.823,-15.194,140.07322,35.54412,90.317
27.823,-67.394,140.07183,35.07358,90.844
27.823,-68.294,140.0718,35.06547,90.853
27.823,-68.594,140.0718,35.06277,90.856
27.823,-68.894,140.07179,35.06006,90.859
28.123,159.706,140.08148,37.12043,88.508
28.123,-8.294,140.07671,35.60631,90.247
28.123,-15.194,140.07652,35.54412,90.317
28.123,-67.394,140.07512,35.07358,90.844
28.123,-68.294,140.07509,35.06547,90.853
28.423,159.706,140.08486,37.12042,88.508
28.423,-7.094,140.08006,35.61712,90.235
28.423,-7.394,140.08005,35.61442,90.238
28.423,-8.594,140.08002,35.6036,90.25
28.423,-15.494,140.07982,35.54141,90.32
28.423,-15.794,140.07982,35.5387,90.323
28.423,-67.394,140.07841,35.07357,90.844
28.423,-67.694,140.0784,35.07087,90.847
28.723,-7.094,140.08337,35.61712,90.235
28.723,-8.894,140.08332,35.60089,90.253
28.723,-15.794,140.08312,35.5387,90.323
28.723,-67.394,140.0817,35.07356,90.844
29.023,159.706,140.09161,37.12041,88.508
29.323,159.706,140.09499,37.1204,88.508
29.323,-7.694,140.08997,35.61169,90.241
29.623,159.706,140.09836,37.12039,88.508
29.623,159.406,140.09835,37.11769,88.511
29.623,-7.994,140.09328,35.60898,90.244
29.623,-11.594,140.09317,35.57653,90.281
29.623,-13.094,140.09313,35.56301,90.296
29.623,-14.294,140.09309,35.5522,90.308
29.623,-16.394,140.09303,35.53327,90.329
29.623,-16.694,140.09302,35.53056,90.332
29.623,-65.594,140.09162,35.08977,90.826
29.623,-67.094,140.09157,35.07625,90.841
29.923,159.406,140.10173,37.11768,88.511
29.923,-7.994,140.09659,35.60898,90.244
29.923,-13.094,140.09644,35.56301,90.296
29.923,-65.594,140.09491,35.08976,90.826
30.223,-7.994,140.0999,35.60897,90.244
30.223,-9.194,140.09986,35.59815,90.256
30.223,-65.594,140.0982,35.08976,90.826
30.223,-66.794,140.09816,35.07894,90.838
30.523,-8.594,140.10319,35.60355,90.25
30.523,-11.594,140.1031,35.57651,90.281
30.523,-11.894,140.10309,35.57381,90.284
30.523,-64.394,140.10152,35.10057,90.814
30.523,-64.694,140.10151,35.09786,90.817
30.523,-64.994,140.1015,35.09516,90.82
30.523,-65.294,140.1015,35.09245,90.823
30.823,158.806,140.11184,37.11225,88.517
30.823,-11.894,140.1064,35.5738,90.284
30.823,-13.694,140.10635,35.55757,90.302
31.123,-7.994,140.10983,35.60895,90.244
31.123,-8.294,140.10982,35.60624,90.247
31.123,-8.594,140.10982,35.60354,90.25
31.123,-9.494,140.10979,35.59543,90.259
31.123,-13.694,140.10966,35.55757,90.302
31.123,-14.894,140.10962,35.54675,90.314
31.423,158.206,140.11857,37.10683,88.524
31.423,157.906,140.11856,37.10413,88.527
31.423,-8.894,140.11312,35.60083,90.253
31.423,-9.194,140.11311,35.59812,90.256
31.423,-10.394,140.11307,35.58731,90.268
31.423,-13.694,140.11297,35.55756,90.302
31.423,-14.894,140.11293,35.54674,90.314
31.423,-62.894,140.11144,35.11407,90.799
31.423,-63.194,140.11143,35.11136,90.802
31.723,157.906,140.12193,37.10412,88.527
31.723,-8.894,140.11643,35.60082,90.253
31.723,-11.894,140.11633,35.57378,90.284
31.723,-14.894,140.11624,35.54674,90.314
31.723,-62.894,140.11473,35.11406,90.799
32.023,157.906,140.12531,37.10411,88.527
32.023,-8.894,140.11974,35.60081,90.253
32.023,-9.194,140.11973,35.59811,90.256
32.023,-9.794,140.11971,35.5927,90.262
32.023,-11.894,140.11964,35.57377,90.284
32.023,-12.194,140.11963,35.57106,90.287
32.023,-13.094,140.1196,35.56295,90.296
32.023,-13.394,140.11959,35.56025,90.299
32.023,-14.294,140.11957,35.55214,90.308
32.023,-14.594,140.11956,35.54943,90.311
32.023,-14.894,140.11955,35.54673,90.314
32.923,-12.494,140.12955,35.56834,90.29
32.923,-12.794,140.12954,35.56563,90.293
32.923,-13.094,140.12953,35.56293,90.296
32.923,-61.994,140.12792,35.12214,90.79
33.223,157.606,140.1388,37.10137,88.53
33.223,-61.994,140.13122,35.12213,90.79
33.823,157.006,140.14553,37.09595,88.537
34.123,156.406,140.14888,37.09053,88.543
34.123,156.106,140.14887,37.08783,88.546
34.123,155.806,140.14886,37.08512,88.549
34.123,-61.994,140.14109,35.12211,90.79
34.423,-61.994,140.14438,35.1221,90.79
34.723,155.206,140.15558,37.0797,88.556
34.723,-61.994,140.14767,35.12209,90.79
35.023,154.306,140.15892,37.07158,88.565
35.023,-61.994,140.15096,35.12208,90.79
35.323,154.306,140.1623,37.07157,88.565
35.623,154.606,140.16568,37.07426,88.562
35.623,154.306,140.16567,37.07156,88.565
35.923,154.306,140.16905,37.07155,88.565
35.923,-61.094,140.16087,35.13017,90.781
35.923,-61.394,140.16086,35.12746,90.784
35.923,-61.694,140.16085,35.12476,90.787
36.223,-61.694,140.16414,35.12475,90.787
37.423,153.706,140.18589,37.0661,88.571
37.423,153.406,140.18588,37.06339,88.575
37.723,153.406,140.18925,37.06338,88.575
37.723,153.106,140.18924,37.06068,88.578
37.723,152.506,140.18921,37.05527,88.584
37.723,152.206,140.1892,37.05257,88.587
37.723,151.306,140.18916,37.04446,88.597
37.723,151.006,140.18915,37.04175,88.6
37.723,-61.694,140.1806,35.1247,90.787
37.723,-61.994,140.18059,35.122,90.79
38.023,-61.694,140.18389,35.12469,90.787
38.323,151.606,140.19592,37.04714,88.594
38.323,149.806,140.19584,37.03092,88.612
38.323,-61.094,140.18721,35.13009,90.781
38.623,149.206,140.19919,37.0255,88.619
38.623,148.906,140.19918,37.0228,88.622
38.623,-61.094,140.1905,35.13008,90.781
38.923,148.906,140.20255,37.02279,88.622
38.923,-61.094,140.19379,35.13007,90.781
39.223,-61.094,140.19708,35.13006,90.781
39.223,-61.394,140.19707,35.12736,90.784
39.523,148.606,140.20928,37.02006,88.625
39.523,148.306,140.20926,37.01736,88.628
39.523,148.006,140.20925,37.01466,88.631
39.823,-62.894,140.20359,35.11382,90.799
40.423,-61.994,140.21021,35.12191,90.79
40.723,-61.994,140.2135,35.1219,90.79
41.023,148.606,140.22613,37.02001,88.625
41.023,148.306,140.22612,37.01731,88.628
41.023,148.006,140.22611,37.0146,88.632
41.023,-61.994,140.21679,35.12189,90.79
41.023,-62.294,140.21678,35.11919,90.793
42.223,148.906,140.23964,37.02267,88.622
42.223,147.106,140.23955,37.00645,88.641
42.223,146.806,140.23953,37.00374,88.644
42.223,145.906,140.23949,36.99563,88.654
42.223,145.606,140.23948,36.99293,88.657
42.223,144.106,140.2394,36.97941,88.673
42.223,143.806,140.23939,36.97671,88.676
42.223,141.706,140.23929,36.95779,88.698
42.223,141.406,140.23928,36.95508,88.701
42.223,141.106,140.23926,36.95238,88.704
42.223,140.506,140.23923,36.94697,88.71
42.223,140.206,140.23922,36.94427,88.713
42.223,139.906,140.2392,36.94156,88.717
42.223,-61.694,140.22997,35.12455,90.787
42.523,148.906,140.24301,37.02266,88.622
42.523,147.106,140.24292,37.00644,88.641
42.523,144.106,140.24277,36.9794,88.673
42.523,141.706,140.24266,36.95777,88.698
42.523,139.906,140.24257,36.94155,88.717
42.523,-61.694,140.23326,35.12454,90.787
42.523,-62.294,140.23324,35.11913,90.793
42.823,148.906,140.24638,37.02264,88.622
42.823,147.706,140.24632,37.01183,88.635
42.823,145.006,140.24619,36.9875,88.663
42.823,144.706,140.24617,36.9848,88.666
42.823,142.606,140.24607,36.96587,88.688
42.823,142.306,140.24606,36.96317,88.691
43.123,142.306,140.24943,36.96316,88.691
43.123,139.606,140.24929,36.93883,88.72
43.123,139.306,140.24928,36.93612,88.723
43.123,139.006,140.24926,36.93342,88.726
43.123,-60.194,140.23992,35.13804,90.772
43.423,139.606,140.25266,36.93881,88.72
43.423,-60.194,140.24321,35.13803,90.772
43.423,-61.094,140.24317,35.12992,90.781
43.423,-61.394,140.24315,35.12721,90.784
43.723,-60.194,140.2465,35.13802,90.772
43.723,-60.494,140.24649,35.13531,90.775
44.023,139.306,140.25938,36.93609,88.723
44.023,139.006,140.25937,36.93338,88.726
44.023,-60.194,140.24979,35.13801,90.772
44.323,-60.194,140.25308,35.138,90.772
45.523,138.406,140.27617,36.92791,88.733
45.523,138.106,140.27616,36.92521,88.736
45.523,-60.194,140.26625,35.13795,90.772
46.723,138.706,140.28966,36.93057,88.729
46.723,-60.194,140.27942,35.1379,90.772
46.723,-60.494,140.27941,35.1352,90.775
47.023,-60.194,140.28271,35.13789,90.772
47.323,138.406,140.29638,36.92784,88.733
47.323,138.106,140.29636,36.92513,88.736
47.323,-60.194,140.286,35.13788,90.772
47.623,138.106,140.29973,36.92512,88.736
47.623,137.806,140.29971,36.92242,88.739
47.623,-58.394,140.28939,35.15409,90.754
47.623,-59.294,140.28934,35.14598,90.763
47.623,-59.594,140.28933,35.14327,90.766
47.923,137.806,140.30308,36.9224,88.739
47.923,-58.394,140.29268,35.15408,90.754
48.223,137.206,140.30641,36.91698,88.745
48.223,-58.394,140.29597,35.15407,90.754
48.223,-58.694,140.29596,35.15136,90.757
48.523,136.906,140.30976,36.91427,88.748
48.523,-58.394,140.29927,35.15405,90.754
48.823,-58.394,140.30256,35.15404,90.754
49.123,136.306,140.31646,36.90883,88.755
49.123,-58.394,140.30585,35.15403,90.754
49.423,135.706,140.31979,36.90341,88.761
49.423,135.406,140.31978,36.90071,88.764
49.423,135.106,140.31976,36.89801,88.767
49.423,134.806,140.31974,36.8953,88.77
49.423,134.506,140.31973,36.8926,88.774
49.423,-58.394,140.30914,35.15402,90.754
49.723,134.506,140.32309,36.89258,88.774
50.023,-58.994,140.3157,35.14858,90.76
50.023,-59.894,140.31565,35.14047,90.77
50.023,-576.194,140.29112,30.48467,95.656
50.023,-576.494,140.29111,30.48197,95.659
50.323,-59.894,140.31894,35.14045,90.77
50.323,-575.594,140.29427,30.49007,95.651
50.323,-576.794,140.29422,30.47925,95.661
50.623,-59.294,140.32227,35.14585,90.764
50.623,-59.594,140.32225,35.14315,90.767
50.623,-575.594,140.2974,30.49006,95.651
50.623,-576.794,140.29735,30.47924,95.661
50.623,-577.094,140.29733,30.47653,95.664
50.923,133.606,140.3365,36.88442,88.783
51.223,133.606,140.33987,36.8844,88.783
51.223,-57.194,140.32897,35.16475,90.742
51.223,-57.494,140.32895,35.16205,90.745
51.223,-57.794,140.32893,35.15934,90.748
51.223,-58.094,140.32892,35.15664,90.751
51.523,133.606,140.34323,36.88439,88.783
51.523,-575.594,140.30677,30.49003,95.651
51.523,-576.794,140.30672,30.4792,95.661
51.523,-577.094,140.30671,30.4765,95.664
51.823,-56.594,140.33558,35.17013,90.736
52.123,-56.294,140.33889,35.17282,90.733
52.723,-55.694,140.34552,35.17821,90.727
53.023,132.706,140.36,36.8762,88.793
53.023,-54.794,140.34886,35.1863,90.718
53.023,-55.094,140.34884,35.1836,90.721
53.323,132.706,140.36337,36.87619,88.793
53.623,132.706,140.36673,36.87617,88.793
53.923,130.006,140.36993,36.85183,88.821
53.923,129.706,140.36991,36.84913,88.824
53.923,129.406,140.36989,36.84642,88.827
54.223,129.406,140.37326,36.84641,88.827
54.523,128.206,140.37654,36.83558,88.84
54.823,-55.394,140.36859,35.18081,90.725
55.723,-54.494,140.37852,35.18888,90.716
55.723,-54.794,140.37851,35.18617,90.719
56.023,-54.494,140.38182,35.18886,90.716
56.623,-30.494,140.38989,35.40517,90.473
56.623,-30.794,140.38987,35.40246,90.476
56.623,-31.094,140.38985,35.39976,90.479
56.623,-31.394,140.38983,35.39705,90.482
56.623,-31.694,140.38981,35.39435,90.486
56.623,-31.994,140.38979,35.39165,90.489
56.623,-32.294,140.38977,35.38894,90.492
56.623,-32.594,140.38976,35.38624,90.495
56.623,-32.894,140.38974,35.38353,90.498
56.623,-33.194,140.38972,35.38083,90.501
56.623,-33.494,140.3897,35.37813,90.504
