-52.277,-150.794,139.19929,34.32031,91.675
-51.977,-150.494,139.20253,34.32303,91.672
-51.677,141.706,139.18486,36.95671,88.699
-51.677,-150.494,139.20579,34.32305,91.672
-51.377,141.706,139.18822,36.95673,88.699
-51.377,-43.994,139.20177,35.28311,90.61
-51.377,-44.894,139.20183,35.275,90.619
-51.377,-150.194,139.20903,34.32577,91.669
-51.377,-150.494,139.20905,34.32307,91.672
-51.077,141.706,139.19159,36.95675,88.699
-51.077,-43.994,139.20506,35.28313,90.61
-51.077,-149.294,139.21223,34.3339,91.66
-51.077,-149.594,139.21225,34.3312,91.663
-51.077,-149.894,139.21227,34.32849,91.666
-51.077,-150.194,139.21229,34.32579,91.669
-50.777,141.706,139.19496,36.95676,88.699
-50.777,-149.594,139.21551,34.33121,91.663
-50.177,-43.994,139.21496,35.28318,90.61
-50.177,-149.894,139.22205,34.32854,91.666
-50.177,-150.194,139.22207,34.32584,91.669
-49.877,-43.994,139.21826,35.28319,90.61
-49.577,-43.694,139.22153,35.28591,90.607
-49.277,-43.694,139.22483,35.28593,90.607
-48.677,141.706,139.21854,36.95689,88.699
-48.377,141.706,139.22191,36.95691,88.699
-48.377,-43.094,139.23469,35.29139,90.601
-48.377,-43.394,139.23471,35.28868,90.604
-48.077,142.006,139.22526,36.95963,88.696
-48.077,141.706,139.22528,36.95692,88.699
-48.077,-43.094,139.23798,35.29141,90.601
-47.777,141.406,139.22867,36.95424,88.702
-47.777,141.106,139.22869,36.95153,88.705
-47.777,140.206,139.22875,36.94342,88.714
-47.777,139.906,139.22878,36.94072,88.718
-47.777,139.606,139.2288,36.93802,88.721
-47.777,-43.094,139.24128,35.29142,90.601
-47.477,-148.094,139.25128,34.34491,91.648
-47.177,139.006,139.23558,36.93264,88.727
-47.177,-144.494,139.25431,34.37738,91.612
-47.177,-144.794,139.25433,34.37468,91.615
-47.177,-147.494,139.2545,34.35034,91.642
-47.177,-147.794,139.25452,34.34763,91.645
-47.177,-148.094,139.25454,34.34493,91.648
-47.177,-148.394,139.25455,34.34222,91.651
-46.877,138.706,139.23896,36.92996,88.73
-46.877,-142.394,139.25744,34.39633,91.592
-46.877,-142.694,139.25746,34.39362,91.595
-46.577,-142.694,139.26073,34.39364,91.595
-46.277,-42.194,139.25772,35.29961,90.592
-46.277,-42.494,139.25773,35.29691,90.595
-46.277,-141.794,139.26393,34.40177,91.586
-46.277,-142.694,139.26399,34.39365,91.595
-46.277,-148.394,139.26434,34.34227,91.651
-46.277,-148.694,139.26435,34.33956,91.654
-46.277,-148.994,139.26437,34.33686,91.657
-45.977,-42.194,139.26101,35.29963,90.592
-45.977,-149.294,139.26765,34.33417,91.66
-45.677,138.106,139.25247,36.92462,88.736
-45.677,-42.194,139.26431,35.29964,90.592
-45.677,-140.594,139.27039,34.41262,91.574
-45.677,-149.294,139.27091,34.33418,91.66
-45.377,138.106,139.25584,36.92463,88.736
-45.377,-42.194,139.26761,35.29966,90.592
-45.377,-127.994,139.27289,34.52622,91.449
-45.377,-128.294,139.27291,34.52352,91.452
-45.377,-128.594,139.27293,34.52081,91.455
-45.377,-128.894,139.27295,34.51811,91.458
-45.377,-140.594,139.27365,34.41263,91.574
-45.377,-141.494,139.2737,34.40452,91.583
-45.377,-141.794,139.27372,34.40181,91.586
-45.377,-147.494,139.27406,34.35043,91.642
-45.077,-42.194,139.27091,35.29968,90.592
-45.077,-128.594,139.2762,34.52083,91.455
-45.077,-140.594,139.27691,34.41265,91.574
-45.077,-140.894,139.27693,34.40994,91.577
-45.077,-142.694,139.27704,34.39371,91.594
-44.777,139.006,139.26252,36.93278,88.727
-44.777,-128.594,139.27946,34.52084,91.455
-44.777,-140.894,139.28019,34.40996,91.577
-44.477,-128.594,139.28273,34.52086,91.455
-44.477,-128.894,139.28275,34.51815,91.458
-44.477,-139.094,139.28335,34.4262,91.559
-44.477,-139.394,139.28337,34.42349,91.562
-44.477,-140.894,139.28346,34.40997,91.577
-44.177,-127.694,139.28594,34.52899,91.446
-44.177,-127.994,139.28596,34.52628,91.449
-44.177,-128.294,139.28598,34.52358,91.452
-44.177,-128.594,139.286,34.52087,91.455
-44.177,-139.394,139.28663,34.42351,91.562
-44.177,-141.194,139.28674,34.40728,91.58
-44.177,-141.494,139.28676,34.40458,91.583
-43.877,139.006,139.27262,36.93282,88.727
-43.877,-128.294,139.28925,34.52359,91.452
-43.277,-41.294,139.29065,35.30788,90.582
-43.277,-41.594,139.29066,35.30517,90.585
-42.377,139.006,139.28946,36.9329,88.727
-42.377,-41.294,139.30054,35.30792,90.582
-42.377,-41.594,139.30056,35.30522,90.585
-42.077,139.006,139.29282,36.93292,88.727
-42.077,-41.294,139.30384,35.30794,90.582
-41.777,-41.294,139.30714,35.30795,90.582
-41.477,138.406,139.2996,36.92754,88.733
-41.477,138.106,139.29962,36.92484,88.736
-41.477,-41.294,139.31044,35.30797,90.582
-41.177,-41.294,139.31374,35.30798,90.582
-40.577,138.106,139.30972,36.92488,88.736
-40.577,-40.394,139.32029,35.31612,90.573
-40.577,-40.694,139.3203,35.31342,90.576
-40.277,138.106,139.31308,36.9249,88.736
-39.977,138.106,139.31645,36.92491,88.736
-39.677,-40.394,139.33018,35.31616,90.573
-39.377,-40.394,139.33348,35.31618,90.573
-39.077,-40.394,139.33678,35.31619,90.573
-38.777,-40.394,139.34008,35.3162,90.573
-38.477,-40.394,139.34338,35.31622,90.573
-38.177,-40.394,139.34668,35.31623,90.573
-37.877,138.106,139.34002,36.92501,88.736
-37.877,137.806,139.34004,36.92231,88.739
-37.877,-40.394,139.34998,35.31624,90.573
-37.877,-99.494,139.35311,34.78349,91.166
-37.877,-102.494,139.35326,34.75645,91.196
-37.577,137.806,139.34341,36.92232,88.739
-37.577,-40.394,139.35328,35.31626,90.573
-37.577,-103.694,139.3566,34.74565,91.208
-37.577,-106.694,139.35676,34.7186,91.237
-37.277,137.206,139.34681,36.91693,88.745
-37.277,-40.394,139.35658,35.31627,90.573
-37.277,-98.594,139.35962,34.79163,91.157
-37.277,-98.894,139.35963,34.78893,91.16
-37.277,-103.694,139.35988,34.74566,91.208
-37.277,-103.994,139.35989,34.74295,91.211
-37.277,-104.294,139.35991,34.74025,91.214
-37.277,-104.594,139.35992,34.73754,91.217
-37.277,-104.894,139.35994,34.73484,91.22
-37.277,-105.194,139.35996,34.73214,91.223
-37.277,-106.694,139.36003,34.71861,91.237
-37.277,-106.994,139.36005,34.71591,91.24
-36.977,136.606,139.35021,36.91154,88.752
-36.977,136.306,139.35023,36.90883,88.755
-36.977,-40.394,139.35988,35.31628,90.573
-36.677,-40.394,139.36318,35.31629,90.573
-36.677,-108.494,139.36667,34.70241,91.255
-36.377,136.906,139.35693,36.91427,88.748
-36.377,-40.394,139.36647,35.31631,90.573
-36.377,-107.894,139.36992,34.70783,91.249
-36.377,-108.194,139.36993,34.70513,91.252
-36.377,-108.494,139.36995,34.70242,91.255
-36.077,-40.394,139.36977,35.31632,90.573
-35.777,-40.394,139.37307,35.31633,90.573
-35.777,-98.594,139.37601,34.7917,91.157
-35.777,-108.794,139.37651,34.69975,91.258
-35.177,136.306,139.37043,36.90891,88.755
-35.177,-98.894,139.38258,34.78902,91.16
-35.177,-99.194,139.38259,34.78631,91.163
-35.177,-99.494,139.38261,34.78361,91.166
-34.877,136.306,139.37379,36.90893,88.755
-34.877,-108.794,139.38634,34.69978,91.258
-34.577,-108.794,139.38961,34.69979,91.258
-34.577,-109.694,139.38966,34.69168,91.267
-34.277,-109.694,139.39293,34.69169,91.267
-34.277,-109.994,139.39294,34.68899,91.27
-33.977,136.306,139.38389,36.90897,88.755
-33.677,136.306,139.38726,36.90898,88.755
-33.677,-99.194,139.39898,34.78637,91.163
-33.677,-99.494,139.399,34.78367,91.166
-33.677,-110.294,139.39951,34.68631,91.273
-33.377,136.306,139.39063,36.90899,88.755
-33.377,-99.494,139.40227,34.78368,91.166
-33.077,136.306,139.39399,36.909,88.755
-33.077,-99.494,139.40555,34.78369,91.166
-33.077,-110.594,139.40607,34.68363,91.276
-32.777,136.606,139.39734,36.91172,88.751
-32.777,136.306,139.39736,36.90902,88.755
-32.777,-99.494,139.40883,34.7837,91.166
-32.777,-110.594,139.40934,34.68364,91.276
-32.477,137.206,139.40068,36.91714,88.745
-32.477,-99.494,139.41211,34.78371,91.166
-32.477,-99.794,139.41212,34.78101,91.169
-32.477,-100.094,139.41214,34.7783,91.172
-32.477,-100.394,139.41215,34.7756,91.175
-32.477,-110.594,139.41262,34.68365,91.276
-32.177,-99.794,139.4154,34.78102,91.169
-32.177,-110.594,139.41589,34.68366,91.276
-31.877,137.806,139.40738,36.92257,88.739
-31.877,-110.594,139.41916,34.68367,91.276
-31.577,138.106,139.41074,36.92529,88.736
-31.577,-40.094,139.41925,35.3192,90.57
-31.577,-100.094,139.42197,34.77834,91.172
-31.577,-100.394,139.42198,34.77563,91.174
-31.577,-101.294,139.42202,34.76752,91.183
-31.577,-110.594,139.42244,34.68368,91.276
-31.277,-40.094,139.42255,35.31922,90.57
-31.277,-101.294,139.4253,34.76753,91.183
-31.277,-110.594,139.42571,34.68369,91.276
-30.977,-100.994,139.42856,34.77025,91.18
-30.977,-101.294,139.42858,34.76754,91.183
-30.977,-110.594,139.42899,34.6837,91.276
-30.677,-101.294,139.43185,34.76755,91.183
-30.677,-101.594,139.43187,34.76485,91.186
-30.677,-103.094,139.43193,34.75133,91.201
-30.677,-109.694,139.43222,34.69183,91.267
-30.677,-109.994,139.43223,34.68912,91.27
-30.677,-110.294,139.43225,34.68642,91.273
-30.377,-103.094,139.43521,34.75134,91.201
-30.377,-109.694,139.4355,34.69184,91.267
-30.077,-102.794,139.43847,34.75405,91.198
-30.077,-103.094,139.43849,34.75135,91.201
-30.077,-109.694,139.43877,34.69185,91.267
-29.777,-103.694,139.44179,34.74595,91.207
-29.777,-104.594,139.44183,34.73784,91.216
-29.777,-104.894,139.44184,34.73513,91.219
-29.777,-105.194,139.44185,34.73243,91.222
-29.777,-105.494,139.44187,34.72972,91.225
-29.777,-105.794,139.44188,34.72702,91.228
-29.777,-106.094,139.44189,34.72431,91.231
-29.777,-106.394,139.4419,34.72161,91.234
-29.777,-107.294,139.44194,34.7135,91.243
-29.777,-107.594,139.44195,34.71079,91.246
-29.777,-107.894,139.44197,34.70809,91.249
-29.777,-108.794,139.44201,34.69997,91.258
-29.777,-109.694,139.44204,34.69186,91.267
-29.777,-109.994,139.44206,34.68915,91.27
-29.477,138.106,139.43431,36.92537,88.735
-29.477,-107.294,139.44522,34.71351,91.243
-29.177,139.606,139.4376,36.9389,88.72
-29.177,139.306,139.43762,36.93619,88.723
-29.177,139.006,139.43763,36.93349,88.726
-29.177,138.106,139.43767,36.92538,88.735
-29.177,-39.494,139.44562,35.3247,90.564
-29.177,-39.794,139.44563,35.322,90.567
-28.877,139.906,139.44096,36.94161,88.717
-28.277,140.506,139.44767,36.94704,88.71
-27.377,141.106,139.45775,36.95248,88.704
-27.377,140.806,139.45776,36.94978,88.707
-27.077,-40.394,139.46875,35.31666,90.573
-26.777,-40.394,139.47205,35.31667,90.573
-26.777,-178.094,139.47741,34.0753,91.942
-26.477,-40.394,139.47535,35.31668,90.573
-26.477,-177.794,139.48065,34.07802,91.939
-26.477,-178.094,139.48066,34.07531,91.942
-26.477,-178.394,139.48067,34.07261,91.944
-26.477,-179.594,139.48071,34.06179,91.956
-26.177,-40.394,139.47865,35.31669,90.573
-26.177,-40.694,139.47866,35.31398,90.576
-26.177,-176.894,139.48386,34.08614,91.93
-25.877,-40.394,139.48195,35.3167,90.573
-25.877,-41.294,139.48199,35.30859,90.582
-25.877,-176.894,139.48711,34.08615,91.93
-25.577,-40.394,139.48525,35.31671,90.573
-25.577,-175.994,139.49033,34.09427,91.921
-25.577,-176.894,139.49036,34.08616,91.93
-25.277,143.206,139.48124,36.97148,88.682
-25.277,-180.794,139.49376,34.051,91.968
-24.977,143.206,139.48461,36.97149,88.682
-24.977,-175.094,139.4968,34.1024,91.912
-24.977,-180.794,139.49701,34.05101,91.968
-24.677,-41.294,139.49518,35.30862,90.582
-24.677,-173.294,139.49999,34.11864,91.894
-24.677,-175.094,139.50005,34.10241,91.912
-24.677,-180.794,139.50025,34.05102,91.968
-24.377,142.606,139.49137,36.9661,88.688
-24.377,-41.294,139.49848,35.30863,90.582
-24.377,-173.294,139.50324,34.11865,91.894
-24.077,142.606,139.49474,36.96611,88.688
-24.077,-41.294,139.50178,35.30864,90.582
-24.077,-173.294,139.50649,34.11866,91.894
-23.777,142.606,139.49811,36.96612,88.688
-23.777,-41.294,139.50508,35.30865,90.582
-23.777,-173.294,139.50975,34.11867,91.894
-23.777,-180.794,139.51,34.05105,91.968
-23.477,142.606,139.50148,36.96613,88.688
-23.477,-41.294,139.50838,35.30866,90.582
-23.477,-173.294,139.513,34.11868,91.894
-23.477,-180.794,139.51325,34.05106,91.968
-23.177,-173.294,139.51625,34.11869,91.894
-23.177,-180.794,139.5165,34.05107,91.968
-22.877,-180.794,139.51975,34.05107,91.968
-22.577,-180.794,139.523,34.05108,91.968
-22.277,143.506,139.51492,36.97427,88.679
-22.277,-180.794,139.52625,34.05109,91.968
-21.977,143.506,139.51829,36.97428,88.679
-21.977,-180.794,139.5295,34.0511,91.968
-21.677,-179.894,139.53272,34.05922,91.959
-21.677,-180.194,139.53273,34.05652,91.962
-21.677,-180.494,139.53274,34.05381,91.965
-21.377,-41.294,139.53147,35.30872,90.582
-21.077,-173.294,139.53901,34.11874,91.894
-20.777,-173.294,139.54227,34.11875,91.894
-20.777,-173.594,139.54228,34.11604,91.897
-20.777,-179.894,139.54247,34.05924,91.959
-20.477,-173.594,139.54553,34.11605,91.897
-20.477,-179.894,139.54572,34.05925,91.959
-20.177,144.106,139.53849,36.97974,88.672
-20.177,-173.894,139.54879,34.11336,91.9
-20.177,-174.194,139.5488,34.11065,91.903
-19.877,144.406,139.54185,36.98245,88.669
-19.877,-41.294,139.54797,35.30876,90.581
-19.877,-174.194,139.55205,34.11066,91.903
-19.877,-175.094,139.55208,34.10254,91.912
-19.877,-178.994,139.55219,34.06738,91.95
-19.877,-179.294,139.5522,34.06468,91.953
-19.877,-179.594,139.55221,34.06197,91.956
-19.577,-174.194,139.5553,34.11067,91.903
-19.577,-175.094,139.55533,34.10255,91.912
-19.577,-178.994,139.55544,34.06739,91.95
-19.277,145.306,139.54856,36.99058,88.66
-19.277,145.006,139.54857,36.98788,88.663
-19.277,-41.894,139.55458,35.30337,90.587
-19.277,-174.794,139.55857,34.10526,91.909
-19.277,-175.094,139.55858,34.10256,91.912
-18.977,145.306,139.55193,36.99059,88.66
-18.977,-175.094,139.56183,34.10257,91.912
-18.977,-175.394,139.56184,34.09986,91.915
-18.977,-175.694,139.56185,34.09716,91.918
-18.977,-175.994,139.56186,34.09445,91.921
-18.977,-176.294,139.56187,34.09175,91.924
-18.677,145.306,139.5553,36.9906,88.659
-18.677,-42.194,139.56119,35.30068,90.591
-18.377,145.606,139.55866,36.99331,88.656
-18.377,145.306,139.55867,36.9906,88.659
-18.377,-42.194,139.56449,35.30068,90.591
-17.777,-44.294,139.57115,35.28177,90.612
-17.477,145.906,139.56876,36.99603,88.653
-17.477,145.606,139.56877,36.99333,88.656
-17.477,145.306,139.56878,36.99063,88.659
-17.477,-43.094,139.57441,35.29259,90.6
-17.477,-43.994,139.57443,35.28448,90.609
-17.477,-44.294,139.57444,35.28178,90.612
-17.477,-44.594,139.57445,35.27907,90.615
-17.477,-44.894,139.57446,35.27637,90.618
-17.477,-45.194,139.57447,35.27366,90.621
-17.477,-45.494,139.57448,35.27096,90.624
-17.477,-45.794,139.57449,35.26826,90.627
-16.877,146.206,139.57549,36.99875,88.65
-16.877,-202.094,139.5853,33.85918,92.175
-16.577,146.506,139.57885,37.00146,88.647
-16.577,146.206,139.57886,36.99876,88.65
-16.577,-47.294,139.58442,35.25475,90.642
-16.577,-198.794,139.58846,33.88894,92.143
-16.577,-201.494,139.58853,33.86459,92.17
-16.577,-201.794,139.58853,33.86189,92.173
-16.577,-202.094,139.58854,33.85918,92.175
-16.277,147.106,139.58221,37.00688,88.641
-16.277,-47.594,139.58772,35.25206,90.645
-15.977,147.106,139.58558,37.00689,88.641
-15.977,-47.594,139.59102,35.25206,90.645
-15.977,-202.394,139.59503,33.85649,92.178
-15.677,147.106,139.58895,37.00689,88.641
-15.677,-47.594,139.59432,35.25207,90.645
-15.677,-47.894,139.59433,35.24937,90.648
-15.677,-48.194,139.59433,35.24666,90.651
-15.677,-197.894,139.59816,33.89707,92.135
-15.677,-198.194,139.59817,33.89437,92.137
-15.677,-198.494,139.59818,33.89166,92.14
-15.677,-202.394,139.59828,33.8565,92.178
-15.377,147.406,139.59231,37.0096,88.637
-15.377,147.106,139.59232,37.0069,88.64
-15.377,-48.494,139.59764,35.24396,90.654
-15.377,-198.494,139.60142,33.89167,92.14
-15.377,-202.394,139.60152,33.8565,92.178
-15.077,-198.494,139.60467,33.89167,92.14
-15.077,-202.394,139.60476,33.85651,92.178
-14.777,-49.094,139.60425,35.23857,90.66
-14.777,-49.394,139.60425,35.23586,90.663
-14.777,-49.694,139.60426,35.23316,90.666
-14.777,-198.194,139.6079,33.89438,92.137
-14.777,-198.494,139.60791,33.89168,92.14
-14.777,-202.394,139.608,33.85652,92.178
-14.477,-50.294,139.60757,35.22776,90.672
-14.477,-50.594,139.60758,35.22505,90.675
-14.477,-53.294,139.60765,35.20071,90.702
-14.477,-53.594,139.60765,35.19801,90.705
-14.477,-198.494,139.61115,33.89169,92.14
-14.477,-198.794,139.61116,33.88898,92.143
-14.477,-199.094,139.61117,33.88628,92.146
-14.477,-199.394,139.61117,33.88357,92.149
-14.477,-202.394,139.61124,33.85652,92.178
-14.177,-52.994,139.61093,35.20342,90.699
-14.177,-53.894,139.61096,35.19531,90.708
-14.177,-198.794,139.6144,33.88899,92.143
-13.877,-52.694,139.61422,35.20614,90.696
-13.877,-52.994,139.61423,35.20343,90.699
-13.877,-53.894,139.61425,35.19532,90.708
-13.877,-54.194,139.61426,35.19261,90.711
-13.577,-38.594,139.61718,35.33324,90.554
-13.577,-52.694,139.61752,35.20614,90.696
-13.577,-199.394,139.6209,33.88359,92.149
-13.577,-199.694,139.62091,33.88088,92.152
-13.577,-202.094,139.62096,33.85924,92.175
-13.577,-202.394,139.62097,33.85654,92.178
-13.277,-38.594,139.62048,35.33325,90.554
-13.277,-50.894,139.62077,35.22237,90.678
-12.977,148.006,139.61926,37.01506,88.631
-12.977,-39.194,139.62379,35.32784,90.56
-12.977,-50.294,139.62405,35.22779,90.672
-12.977,-50.594,139.62406,35.22508,90.675
-12.977,-50.894,139.62407,35.22238,90.678
-12.977,-53.894,139.62413,35.19534,90.708
-12.977,-54.194,139.62414,35.19263,90.711
-12.977,-55.094,139.62416,35.18452,90.72
-12.977,-55.994,139.62418,35.17641,90.729
-12.977,-56.294,139.62419,35.1737,90.732
-12.977,-58.394,139.62424,35.15477,90.754
-12.977,-58.694,139.62425,35.15207,90.757
-12.977,-58.994,139.62425,35.14936,90.76
-12.677,148.306,139.62263,37.01777,88.628
-12.677,148.006,139.62263,37.01507,88.631
-12.677,-23.294,139.62673,35.47117,90.399
-12.677,-23.594,139.62674,35.46847,90.402
-12.677,-24.494,139.62676,35.46036,90.411
-12.677,-24.794,139.62676,35.45765,90.414
-12.677,-25.694,139.62679,35.44954,90.424
-12.677,-29.594,139.62687,35.41439,90.463
-12.677,-29.894,139.62688,35.41168,90.466
-12.677,-32.294,139.62694,35.39005,90.49
-12.677,-33.194,139.62696,35.38193,90.499
-12.677,-33.494,139.62696,35.37923,90.502
-12.677,-33.794,139.62697,35.37653,90.506
-12.677,-37.694,139.62706,35.34137,90.545
-12.677,-37.994,139.62707,35.33867,90.548
-12.677,-39.494,139.6271,35.32515,90.563
-12.677,-39.794,139.62711,35.32244,90.566
-12.677,-40.094,139.62711,35.31974,90.569
-12.677,-42.194,139.62716,35.30081,90.59
-12.677,-51.194,139.62737,35.21968,90.681
-12.677,-52.394,139.6274,35.20886,90.693
-12.677,-52.694,139.6274,35.20616,90.696
-12.677,-57.794,139.62752,35.16018,90.748
-12.677,-58.094,139.62752,35.15748,90.751
-12.677,-59.894,139.62757,35.14125,90.769
-12.377,-25.694,139.63009,35.44955,90.424
-12.377,-29.594,139.63018,35.41439,90.463
-12.377,-32.294,139.63024,35.39005,90.49
-12.377,-40.094,139.63041,35.31974,90.569
-12.377,-51.194,139.63066,35.21969,90.681
-12.377,-52.694,139.6307,35.20616,90.696
-12.377,-58.094,139.63082,35.15749,90.751
-12.377,-59.894,139.63086,35.14126,90.769
-12.077,149.806,139.62933,37.0313,88.612
-12.077,149.506,139.62934,37.0286,88.615
-12.077,149.206,139.62935,37.02589,88.618
-12.077,-25.694,139.63339,35.44955,90.424
-12.077,-29.594,139.63348,35.4144,90.463
-12.077,-30.794,139.63351,35.40358,90.475
-12.077,-39.194,139.63369,35.32786,90.56
-12.077,-40.094,139.63371,35.31975,90.569
-12.077,-51.194,139.63396,35.21969,90.681
-12.077,-52.694,139.63399,35.20617,90.696
-12.077,-58.094,139.63411,35.15749,90.751
-11.777,149.806,139.63271,37.03131,88.612
-11.777,-22.994,139.63664,35.47389,90.396
-11.777,-23.294,139.63665,35.47119,90.399
-11.777,-23.594,139.63665,35.46849,90.402
-11.777,-25.694,139.6367,35.44956,90.424
-11.777,-29.594,139.63678,35.4144,90.463
-11.777,-29.894,139.63679,35.4117,90.466
-11.777,-30.794,139.63681,35.40359,90.475
-11.777,-37.694,139.63696,35.34139,90.545
-11.777,-40.694,139.63703,35.31435,90.575
-11.777,-41.594,139.63705,35.30623,90.584
-11.777,-41.894,139.63705,35.30353,90.587
-11.477,-25.094,139.63999,35.45497,90.417
-11.477,-29.594,139.64009,35.41441,90.463
-11.477,-30.794,139.64011,35.40359,90.475
-11.477,-39.494,139.6403,35.32517,90.563
-11.477,-39.794,139.64031,35.32246,90.566
-11.477,-40.694,139.64033,35.31435,90.575
-11.177,-22.394,139.64324,35.47931,90.39
-11.177,-29.594,139.64339,35.41441,90.463
-11.177,-32.894,139.64346,35.38467,90.496
-11.177,-37.694,139.64356,35.3414,90.545
-11.177,-40.694,139.64362,35.31436,90.575
-11.177,-59.894,139.64403,35.14128,90.769
-10.877,149.806,139.64282,37.03132,88.612
-10.877,-22.394,139.64655,35.47932,90.39
-10.877,-23.294,139.64656,35.47121,90.399
-10.877,-26.294,139.64663,35.44416,90.43
-10.877,-26.594,139.64663,35.44146,90.433
-10.877,-29.594,139.64669,35.41442,90.463
-10.877,-32.594,139.64676,35.38738,90.493
-10.877,-32.894,139.64676,35.38467,90.496
-10.877,-34.994,139.64681,35.36574,90.518
-10.877,-35.294,139.64681,35.36304,90.521
-10.877,-35.594,139.64682,35.36033,90.524
-10.877,-35.894,139.64683,35.35763,90.527
-10.877,-43.694,139.64699,35.28732,90.605
-10.877,-43.994,139.64699,35.28461,90.608
-10.877,-44.294,139.647,35.28191,90.612
-10.877,-44.594,139.647,35.27921,90.615
-10.877,-56.294,139.64725,35.17374,90.732
-10.877,-59.894,139.64732,35.14129,90.769
-10.577,-22.394,139.64985,35.47932,90.39
-10.577,-23.294,139.64987,35.47121,90.399
-10.577,-23.594,139.64988,35.46851,90.402
-10.577,-26.594,139.64994,35.44146,90.433
-10.577,-29.594,139.65,35.41442,90.463
-10.577,-39.494,139.6502,35.32518,90.563
-10.577,-42.194,139.65025,35.30084,90.59
-10.577,-42.494,139.65026,35.29814,90.593
-10.577,-43.994,139.65029,35.28462,90.608
-10.577,-56.294,139.65054,35.17374,90.732
-10.277,-22.394,139.65316,35.47933,90.39
-10.277,-26.594,139.65324,35.44147,90.433
-10.277,-29.594,139.6533,35.41443,90.463
-10.277,-34.394,139.6534,35.37116,90.512
-10.277,-34.694,139.6534,35.36846,90.515
-10.277,-39.494,139.6535,35.32519,90.563
-10.277,-55.694,139.65382,35.17916,90.726
-9.977,-22.394,139.65646,35.47933,90.39
-9.977,-25.994,139.65653,35.44688,90.427
-9.977,-26.594,139.65655,35.44147,90.433
-9.977,-29.594,139.6566,35.41443,90.463
-9.977,-39.494,139.6568,35.32519,90.563
-9.977,-44.294,139.65689,35.28192,90.612
-9.977,-44.594,139.6569,35.27922,90.615
-9.977,-54.494,139.65709,35.18998,90.714
-9.977,-56.894,139.65714,35.16834,90.738
-9.977,-57.194,139.65714,35.16564,90.741
-9.977,-57.494,139.65715,35.16294,90.744
-9.977,-59.294,139.65718,35.14671,90.763
-9.977,-59.594,139.65719,35.14401,90.766
-9.977,-59.894,139.6572,35.1413,90.769
-9.677,150.406,139.6563,37.03675,88.606
-9.677,-22.394,139.65977,35.47934,90.39
-9.677,-44.594,139.6602,35.27923,90.615
-9.677,-59.294,139.66048,35.14671,90.763
-9.677,-59.894,139.66049,35.14131,90.769
-9.377,150.706,139.65966,37.03946,88.603
-9.377,150.406,139.65967,37.03675,88.606
-9.377,150.106,139.65968,37.03405,88.609
-9.377,149.806,139.65968,37.03135,88.612
-9.377,-22.394,139.66308,35.47934,90.39
-9.377,-30.194,139.66322,35.40903,90.469
-9.377,-43.694,139.66348,35.28734,90.605
-9.377,-53.894,139.66367,35.1954,90.708
-9.377,-59.294,139.66377,35.14672,90.763
-9.077,-22.394,139.66638,35.47935,90.39
-9.077,-26.594,139.66646,35.44149,90.433
-9.077,-26.894,139.66647,35.43878,90.436
-9.077,-29.594,139.66651,35.41445,90.463
-9.077,-29.894,139.66652,35.41174,90.466
-9.077,-53.594,139.66696,35.19811,90.705
-8.777,-22.394,139.66969,35.47935,90.39
-8.777,-29.594,139.66982,35.41445,90.463
-8.477,151.006,139.66978,37.04218,88.599
-8.477,150.706,139.66978,37.03947,88.603
-8.477,-22.394,139.67299,35.47936,90.39
-8.477,-27.194,139.67308,35.43609,90.439
-8.477,-27.494,139.67308,35.43339,90.442
-8.477,-29.594,139.67312,35.41446,90.463
-8.477,-42.794,139.67336,35.29547,90.596
-8.477,-43.094,139.67336,35.29276,90.599
-8.477,-52.994,139.67354,35.20352,90.699
-8.177,151.606,139.67314,37.04759,88.593
-8.177,-22.994,139.67631,35.47395,90.396
-8.177,-24.194,139.67633,35.46314,90.408
-8.177,-26.894,139.67638,35.4388,90.436
-8.177,-28.094,139.6764,35.42798,90.448
-8.177,-29.294,139.67642,35.41716,90.46
-8.177,-29.594,139.67643,35.41446,90.463
-8.177,-29.894,139.67643,35.41176,90.466
-8.177,-30.794,139.67645,35.40364,90.475
-8.177,-45.494,139.6767,35.27114,90.624
-8.177,-52.694,139.67683,35.20623,90.696
-8.177,-52.994,139.67683,35.20353,90.699
-8.177,-58.694,139.67693,35.15215,90.756
-8.177,-58.994,139.67693,35.14944,90.76
-7.877,-24.194,139.67964,35.46314,90.408
-7.877,-24.494,139.67964,35.46044,90.411
-7.877,-28.094,139.6797,35.42799,90.448
-7.877,-30.494,139.67974,35.40635,90.472
-7.877,-45.494,139.68,35.27114,90.624
-7.877,-52.694,139.68012,35.20624,90.696
-7.877,-282.494,139.68382,33.13437,92.95
-7.877,-283.394,139.68383,33.12626,92.959
-7.877,-283.694,139.68384,33.12355,92.962
-7.577,-24.494,139.68295,35.46044,90.411
-7.577,-24.794,139.68295,35.45774,90.414
-7.577,-27.494,139.683,35.4334,90.442
-7.577,-27.794,139.683,35.43069,90.445
-7.577,-28.094,139.68301,35.42799,90.448
-7.577,-30.494,139.68305,35.40636,90.472
-7.577,-45.194,139.68329,35.27385,90.621
-7.577,-45.494,139.6833,35.27114,90.624
-7.277,152.506,139.68324,37.05571,88.584
-7.277,-20.594,139.68619,35.4956,90.372
-7.277,-20.894,139.68619,35.49289,90.375
-7.277,-21.194,139.6862,35.49019,90.378
-7.277,-21.494,139.6862,35.48749,90.381
-7.277,-21.794,139.68621,35.48478,90.384
-7.277,-22.094,139.68621,35.48208,90.387
-7.277,-26.894,139.68629,35.43881,90.436
-7.277,-27.194,139.6863,35.43611,90.439
-7.277,-45.794,139.6866,35.26844,90.627
-7.277,-46.094,139.6866,35.26574,90.63
-7.277,-46.394,139.68661,35.26303,90.633
-7.277,-284.294,139.69028,33.11815,92.968
-6.977,152.806,139.68661,37.05842,88.58
-6.977,152.506,139.68661,37.05572,88.584
-6.977,-22.094,139.68952,35.48208,90.387
-6.977,-23.594,139.68954,35.46856,90.402
-6.977,-23.894,139.68955,35.46586,90.405
-6.977,-25.094,139.68957,35.45504,90.417
-6.977,-46.394,139.68991,35.26304,90.633
-6.977,-52.094,139.69,35.21166,90.69
-6.977,-283.394,139.69348,33.12627,92.959
-6.977,-283.694,139.69348,33.12356,92.962
-6.677,-20.594,139.6928,35.49561,90.372
-6.677,-25.094,139.69287,35.45504,90.417
-6.677,-46.394,139.6932,35.26304,90.633
-6.677,-52.094,139.69329,35.21166,90.69
-6.377,-20.594,139.69611,35.49561,90.372
-6.377,-20.894,139.69611,35.49291,90.375
-6.377,-24.794,139.69617,35.45775,90.414
-6.377,-25.094,139.69618,35.45505,90.417
-6.377,-46.394,139.6965,35.26305,90.633
-6.377,-52.094,139.69659,35.21166,90.69
-6.077,-21.494,139.69943,35.4875,90.381
-6.077,-46.394,139.6998,35.26305,90.633
-6.077,-52.094,139.69988,35.21167,90.69
-5.777,-21.194,139.70273,35.49021,90.378
-5.777,-52.094,139.70318,35.21167,90.69
-5.477,152.806,139.70347,37.05844,88.58
-5.477,152.506,139.70348,37.05574,88.584
-5.477,-20.894,139.70603,35.49292,90.375
-5.477,-51.494,139.70646,35.21708,90.684
-5.477,-51.794,139.70647,35.21438,90.687
-5.177,152.506,139.70685,37.05574,88.584
-5.177,-20.894,139.70934,35.49292,90.375
-5.177,-22.394,139.70936,35.4794,90.39
-4.877,153.406,139.71021,37.06385,88.574
-4.877,152.506,139.71022,37.05574,88.584
-4.877,-20.594,139.71264,35.49563,90.372
-4.877,-22.094,139.71266,35.48211,90.387
-4.877,-22.394,139.71267,35.4794,90.39
-4.877,-50.294,139.71304,35.22791,90.672
-4.577,-22.094,139.71597,35.48211,90.387
-4.577,-48.494,139.71631,35.24414,90.654
-4.577,-48.794,139.71631,35.24143,90.657
-4.577,-49.094,139.71632,35.23873,90.66
-4.577,-49.394,139.71632,35.23602,90.663
-4.577,-51.794,139.71635,35.21439,90.687
-4.277,-19.994,139.71925,35.50104,90.366
-4.277,-23.294,139.71929,35.4713,90.399
-4.277,-49.394,139.71962,35.23603,90.663
-4.277,-51.794,139.71965,35.21439,90.687
-3.977,-18.794,139.72254,35.51186,90.353
-3.977,-20.294,139.72256,35.49834,90.369
-3.977,-23.294,139.72259,35.4713,90.399
-3.977,-47.594,139.72289,35.25226,90.645
-3.977,-49.694,139.72292,35.23333,90.666
-3.677,-17.894,139.72584,35.51998,90.344
-3.677,-19.394,139.72585,35.50646,90.36
-3.677,-22.394,139.72589,35.47942,90.39
-3.677,-47.594,139.72619,35.25226,90.645
-3.677,-48.494,139.7262,35.24415,90.654
-3.377,-17.894,139.72914,35.51998,90.344
-3.377,-19.994,139.72917,35.50105,90.366
-3.377,-21.194,139.72918,35.49023,90.378
-3.377,-22.394,139.7292,35.47942,90.39
-3.377,-46.394,139.72947,35.26308,90.633
-3.377,-48.194,139.72949,35.24685,90.651
-3.377,-48.494,139.7295,35.24415,90.654
-3.077,-21.194,139.73249,35.49024,90.378
-2.777,-19.694,139.73578,35.50376,90.363
-2.777,-22.094,139.7358,35.48213,90.387
-2.777,-46.694,139.73607,35.26038,90.636
-2.777,-46.994,139.73607,35.25768,90.639
-2.477,-17.894,139.73907,35.51999,90.344
-2.477,-18.794,139.73908,35.51188,90.353
-2.477,-282.494,139.7417,33.13443,92.95
-2.177,154.006,139.74057,37.06929,88.568
-2.177,153.706,139.74057,37.06658,88.571
-2.177,153.406,139.74057,37.06388,88.574
-2.177,-19.394,139.74239,35.50647,90.36
-2.177,-20.894,139.7424,35.49295,90.375
-2.177,-21.194,139.74241,35.49025,90.378
-2.177,-47.294,139.74267,35.25498,90.642
-2.177,-280.694,139.74489,33.15066,92.933
-2.177,-280.994,139.7449,33.14796,92.936
-2.177,-282.494,139.74491,33.13443,92.95
-2.177,-282.794,139.74491,33.13173,92.953
-2.177,-283.094,139.74492,33.12902,92.956
-2.177,-283.394,139.74492,33.12632,92.959
-1.877,-4.394,139.74555,35.64168,90.207
-1.877,-5.894,139.74557,35.62816,90.222
-1.877,-6.194,139.74557,35.62546,90.225
-1.877,-8.294,139.74559,35.60653,90.247
-1.877,-8.594,139.74559,35.60382,90.25
-1.877,-8.894,139.74559,35.60112,90.253
-1.877,-9.194,139.7456,35.59841,90.256
-1.877,-9.494,139.7456,35.59571,90.259
-1.877,-10.394,139.74561,35.5876,90.268
-1.877,-10.694,139.74561,35.58489,90.271
-1.877,-10.994,139.74561,35.58219,90.274
-1.877,-12.494,139.74563,35.56867,90.29
-1.877,-12.794,139.74563,35.56597,90.293
-1.877,-13.094,139.74564,35.56326,90.296
-1.877,-17.294,139.74568,35.5254,90.338
-1.877,-17.594,139.74568,35.5227,90.341
-1.877,-21.494,139.74572,35.48754,90.381
-1.877,-280.394,139.74811,33.15337,92.93
-1.577,-4.394,139.74886,35.64168,90.207
-1.577,-5.894,139.74888,35.62816,90.222
-1.577,-13.094,139.74894,35.56326,90.296
-1.577,-17.294,139.74898,35.5254,90.338
-1.577,-280.394,139.75132,33.15337,92.93
-1.577,-284.294,139.75136,33.11821,92.968
-1.277,-4.394,139.75218,35.64169,90.207
-1.277,-4.694,139.75218,35.63898,90.21
-1.277,-8.894,139.75222,35.60112,90.253
-1.277,-9.194,139.75222,35.59842,90.256
-1.277,-9.494,139.75222,35.59572,90.259
-1.277,-9.794,139.75222,35.59301,90.262
-1.277,-10.094,139.75223,35.59031,90.265
-1.277,-12.194,139.75225,35.57138,90.286
-1.277,-16.094,139.75228,35.53622,90.326
-1.277,-16.994,139.75229,35.52811,90.335
-1.277,-18.194,139.7523,35.51729,90.347
-1.277,-18.494,139.7523,35.51459,90.35
-1.277,-20.294,139.75232,35.49837,90.369
-1.277,-280.094,139.75454,33.15608,92.927
-1.277,-280.394,139.75454,33.15338,92.93
-1.277,-284.294,139.75457,33.11821,92.968
-1.277,-284.594,139.75457,33.1155,92.97
-1.277,-284.894,139.75458,33.1128,92.973
-0.977,-2.594,139.75547,35.65791,90.189
-0.977,-3.494,139.75548,35.6498,90.198
-0.977,-3.794,139.75548,35.6471,90.201
-0.977,-4.094,139.75549,35.64439,90.204
-0.977,-4.394,139.75549,35.64169,90.207
-0.977,-6.194,139.7555,35.62546,90.225
-0.977,-6.494,139.75551,35.62276,90.229
-0.977,-7.394,139.75551,35.61465,90.238
-0.977,-17.594,139.7556,35.52271,90.341
-0.977,-78.494,139.75612,34.97373,90.955
-0.977,-79.394,139.75613,34.96562,90.964
-0.977,-285.194,139.75779,33.11009,92.976
-0.977,-285.494,139.7578,33.10739,92.979
-0.977,-356.894,139.75834,32.46351,93.654
-0.677,154.306,139.75743,37.072,88.565
-0.677,-2.594,139.75879,35.65791,90.189
-0.677,-11.294,139.75886,35.57949,90.277
-0.677,-13.394,139.75888,35.56057,90.299
-0.677,-78.494,139.75941,34.97373,90.955
-0.677,-78.794,139.75941,34.97103,90.958
-0.677,-285.194,139.76101,33.1101,92.976
-0.677,-356.894,139.76153,32.46351,93.654
-0.377,154.306,139.76081,37.07201,88.565
-0.377,-2.594,139.7621,35.65792,90.189
-0.377,-8.594,139.76215,35.60383,90.25
-0.377,-10.694,139.76216,35.5849,90.271
-0.377,-10.994,139.76217,35.5822,90.274
-0.377,-11.294,139.76217,35.5795,90.277
-0.377,-12.194,139.76218,35.57138,90.286
-0.377,-16.094,139.76221,35.53623,90.326
-0.377,-16.394,139.76221,35.53353,90.329
-0.377,-18.494,139.76223,35.5146,90.35
-0.377,-19.994,139.76224,35.50108,90.366
-0.377,-79.694,139.7627,34.96292,90.967
-0.377,-79.994,139.7627,34.96021,90.97
-0.377,-285.194,139.76422,33.1101,92.976
-0.377,-356.594,139.76472,32.46621,93.652
-0.377,-356.894,139.76472,32.46351,93.654
-0.377,-358.094,139.76473,32.45269,93.666
-0.377,-358.394,139.76473,32.44998,93.668
-0.377,-358.694,139.76473,32.44728,93.671
-0.077,154.606,139.76418,37.07471,88.561
-0.077,154.306,139.76418,37.07201,88.565
-0.077,-8.894,139.76546,35.60113,90.253
-0.077,-9.194,139.76546,35.59843,90.256
-0.077,-10.694,139.76547,35.58491,90.271
-0.077,-12.194,139.76549,35.57139,90.286
-0.077,-12.494,139.76549,35.56868,90.289
-0.077,-16.994,139.76552,35.52812,90.335
-0.077,-19.694,139.76554,35.50378,90.363
-0.077,-19.994,139.76554,35.50108,90.366
-0.077,-79.994,139.76599,34.96022,90.97
-0.077,-356.594,139.76791,32.46622,93.652
-0.077,-357.494,139.76792,32.4581,93.66
-0.077,-357.794,139.76792,32.45539,93.663
-0.077,-358.994,139.76793,32.44457,93.674
0.223,154.306,139.76755,37.07201,88.565
0.223,-20.294,139.76885,35.49838,90.369
0.223,-79.994,139.76927,34.96022,90.97
0.223,-280.094,139.77062,33.15609,92.927
0.223,-280.394,139.77062,33.15339,92.93
0.223,-286.094,139.77066,33.10199,92.985
0.523,155.206,139.77092,37.08012,88.555
0.523,154.306,139.77093,37.07201,88.565
0.523,-2.594,139.77204,35.65792,90.189
0.523,-10.094,139.77209,35.59032,90.265
0.523,-11.294,139.7721,35.5795,90.277
0.523,-12.794,139.77211,35.56598,90.293
0.523,-17.594,139.77214,35.52271,90.341
0.523,-17.894,139.77214,35.52001,90.344
0.523,-18.194,139.77215,35.51731,90.347
0.523,-280.394,139.77384,33.15339,92.93
0.523,-286.094,139.77387,33.10199,92.985
0.823,-2.594,139.77535,35.65792,90.189
0.823,-12.794,139.77542,35.56598,90.293
0.823,-13.094,139.77542,35.56328,90.296
0.823,-280.694,139.77705,33.15068,92.933
0.823,-286.094,139.77709,33.10199,92.985
0.823,-357.794,139.77749,32.4554,93.663
0.823,-358.094,139.77749,32.45269,93.666
0.823,-358.394,139.77749,32.44999,93.668
1.123,155.806,139.77767,37.08553,88.549
1.123,-2.594,139.77867,35.65793,90.189
1.123,-5.894,139.77869,35.62818,90.222
1.123,-6.194,139.77869,35.62548,90.225
1.123,-6.494,139.77869,35.62277,90.228
1.123,-6.794,139.77869,35.62007,90.232
1.123,-7.094,139.77869,35.61736,90.235
1.123,-18.494,139.77876,35.51461,90.35
1.423,155.806,139.78104,37.08553,88.549
1.423,155.506,139.78104,37.08283,88.552
1.423,155.206,139.78104,37.08013,88.555
1.423,-2.594,139.78198,35.65793,90.189
1.423,-2.894,139.78198,35.65522,90.192
1.423,-7.094,139.78201,35.61736,90.235
1.423,-11.294,139.78203,35.57951,90.277
1.423,-18.494,139.78207,35.51461,90.35
1.423,-78.794,139.78241,34.97104,90.958
1.423,-281.294,139.78349,33.14528,92.939
1.423,-287.294,139.78352,33.09117,92.996
1.423,-287.594,139.78352,33.08846,92.999
1.423,-287.894,139.78352,33.08576,93.002
1.423,-288.194,139.78352,33.08305,93.005
1.423,-288.494,139.78353,33.08035,93.008
1.423,-288.794,139.78353,33.07764,93.01
1.423,-289.094,139.78353,33.07494,93.013
1.723,156.106,139.78441,37.08824,88.546
1.723,-2.594,139.78529,35.65793,90.189
1.723,-5.294,139.78531,35.63359,90.216
1.723,-7.994,139.78532,35.60925,90.244
1.723,-12.794,139.78535,35.56599,90.293
1.723,-13.094,139.78535,35.56328,90.296
1.723,-13.394,139.78535,35.56058,90.299
1.723,-13.694,139.78535,35.55787,90.302
1.723,-13.994,139.78535,35.55517,90.305
1.723,-16.094,139.78536,35.53624,90.326
1.723,-16.394,139.78537,35.53354,90.329
1.723,-16.694,139.78537,35.53083,90.332
1.723,-16.994,139.78537,35.52813,90.335
1.723,-17.294,139.78537,35.52542,90.338
1.723,-17.594,139.78537,35.52272,90.341
1.723,-18.494,139.78538,35.51461,90.35
1.723,-78.794,139.78569,34.97104,90.958
1.723,-79.994,139.7857,34.96023,90.97
1.723,-80.294,139.7857,34.95752,90.973
1.723,-281.594,139.78671,33.14257,92.942
1.723,-281.894,139.78671,33.13987,92.945
1.723,-282.194,139.78671,33.13716,92.947
2.023,156.106,139.78779,37.08824,88.546
2.023,-3.794,139.78861,35.64711,90.201
2.023,-4.994,139.78862,35.6363,90.213
2.023,-7.994,139.78863,35.60926,90.244
2.023,-13.394,139.78866,35.56058,90.299
2.023,-16.694,139.78868,35.53083,90.332
