-121.277,93.406,138.41151,36.51472,89.211
-121.277,92.506,138.41166,36.50661,89.22
-121.277,91.606,138.41181,36.4985,89.23
-121.277,90.706,138.41196,36.49039,89.239
-121.277,89.806,138.4121,36.48229,89.249
-121.277,88.906,138.41225,36.47418,89.258
-121.277,88.006,138.4124,36.46607,89.267
-121.277,87.106,138.41255,36.45796,89.277
-121.277,86.206,138.4127,36.44985,89.286
-121.277,85.306,138.41284,36.44174,89.295
-119.477,100.606,138.43043,36.57983,89.136
-119.477,97.006,138.43102,36.54739,89.173
-119.477,96.106,138.43116,36.53928,89.183
-119.477,84.406,138.43306,36.43387,89.304
-118.577,101.506,138.44034,36.58805,89.127
-118.577,84.406,138.4431,36.43399,89.304
-117.677,103.306,138.4501,36.60439,89.108
-117.677,102.406,138.45025,36.59628,89.117
-117.677,101.506,138.45039,36.58817,89.126
-117.677,84.406,138.45313,36.4341,89.304
-117.677,83.506,138.45328,36.42599,89.313
-116.777,103.306,138.46016,36.60451,89.108
-116.777,82.606,138.46345,36.418,89.323
-115.877,106.006,138.46979,36.62895,89.079
-115.877,105.106,138.46993,36.62084,89.089
-115.877,104.206,138.47008,36.61273,89.098
-115.877,103.306,138.47022,36.60462,89.107
-115.877,82.606,138.47349,36.41812,89.322
-115.877,81.706,138.47363,36.41001,89.332
-114.977,106.906,138.47971,36.63717,89.07
-114.977,82.606,138.48352,36.41823,89.322
-114.977,81.706,138.48366,36.41012,89.332
-114.077,106.906,138.48977,36.63728,89.07
-113.177,106.906,138.49983,36.6374,89.07
-112.277,106.906,138.50989,36.63751,89.069
-112.277,82.606,138.51362,36.41857,89.322
-111.377,106.906,138.51996,36.63762,89.069
-111.377,82.606,138.52365,36.41868,89.322
-110.477,112.306,138.5292,36.68639,89.013
-110.477,111.406,138.52933,36.67828,89.022
-110.477,107.806,138.52988,36.64584,89.06
-110.477,106.906,138.53002,36.63773,89.069
-110.477,82.606,138.53369,36.41879,89.322
-110.477,81.706,138.53382,36.41068,89.331
-109.577,112.306,138.53927,36.6865,89.013
-109.577,82.606,138.54372,36.4189,89.321
-108.677,113.206,138.5492,36.69471,89.003
-108.677,112.306,138.54933,36.6866,89.013
-105.977,84.406,138.5836,36.43554,89.302
-105.977,83.506,138.58372,36.42743,89.312
-105.077,84.406,138.59363,36.43565,89.302
-104.177,114.106,138.59942,36.70335,88.993
-104.177,84.406,138.60367,36.43575,89.302
-104.177,52.906,138.60811,36.15191,89.628
-104.177,52.006,138.60824,36.1438,89.637
-103.277,84.406,138.6137,36.43585,89.302
-103.277,83.506,138.61383,36.42774,89.311
-103.277,66.406,138.61623,36.27366,89.488
-103.277,65.506,138.61636,36.26555,89.498
-103.277,64.606,138.61648,36.25744,89.507
-103.277,63.706,138.61661,36.24933,89.516
-103.277,53.806,138.61799,36.16012,89.618
-103.277,52.906,138.61811,36.15201,89.627
-103.277,52.006,138.61824,36.1439,89.637
-102.377,114.106,138.61956,36.70356,88.993
-102.377,67.306,138.62612,36.28187,89.479
-102.377,61.006,138.62699,36.2251,89.544
-102.377,52.006,138.62824,36.144,89.637
-101.477,115.006,138.6295,36.71177,88.983
-101.477,114.106,138.62963,36.70366,88.993
-101.477,67.306,138.63614,36.28197,89.479
-101.477,61.006,138.637,36.2252,89.544
-101.477,57.406,138.6375,36.19276,89.581
-101.477,56.506,138.63762,36.18465,89.59
-101.477,52.006,138.63824,36.1441,89.637
-101.477,45.706,138.6391,36.08733,89.701
-100.577,82.606,138.64406,36.41994,89.32
-100.577,67.306,138.64615,36.28207,89.479
-100.577,50.206,138.64848,36.12798,89.655
-100.577,45.706,138.64909,36.08743,89.701
-100.577,39.406,138.64994,36.03066,89.766
-99.677,115.906,138.64952,36.72008,88.974
-99.677,82.606,138.65409,36.42004,89.32
-99.677,81.706,138.65422,36.41193,89.329
-99.677,70.906,138.65568,36.31461,89.441
-99.677,68.206,138.65605,36.29028,89.469
-99.677,67.306,138.65617,36.28217,89.478
-99.677,50.206,138.65848,36.12808,89.655
-99.677,49.306,138.6586,36.11997,89.664
-99.677,48.406,138.65872,36.11186,89.673
-99.677,47.506,138.65884,36.10375,89.683
-99.677,46.606,138.65896,36.09564,89.692
-99.677,45.706,138.65908,36.08753,89.701
-99.677,39.406,138.65992,36.03076,89.766
-99.677,38.506,138.66004,36.02265,89.775
-98.777,115.906,138.6596,36.72018,88.974
-97.877,115.906,138.66967,36.72028,88.974
-96.977,115.906,138.67974,36.72038,88.973
-96.077,116.806,138.6897,36.72859,88.964
-96.077,115.906,138.68982,36.72048,88.973
-96.077,35.806,138.70032,35.9987,89.802
-95.177,35.806,138.71031,35.9988,89.802
-94.277,35.806,138.72029,35.99889,89.802
-94.277,34.906,138.7204,35.99078,89.811
-94.277,34.006,138.72051,35.98267,89.821
-94.277,33.106,138.72063,35.97456,89.83
-93.377,117.706,138.7198,36.73698,88.954
-93.377,32.206,138.73072,35.96654,89.839
-92.477,119.506,138.72965,36.7533,88.935
-92.477,118.606,138.72976,36.74519,88.945
-92.477,117.706,138.72988,36.73708,88.954
-92.477,32.206,138.7407,35.96663,89.839
-92.477,31.306,138.74081,35.95852,89.848
-92.477,30.406,138.74092,35.95041,89.857
-92.477,26.806,138.74136,35.91797,89.894
-92.477,25.906,138.74148,35.90986,89.903
-91.577,119.506,138.73972,36.75339,88.935
-89.777,117.706,138.7601,36.73735,88.954
-88.877,117.706,138.77018,36.73744,88.954
-87.977,117.706,138.78026,36.73753,88.954
-87.977,25.006,138.79143,35.90219,89.912
-87.077,117.706,138.79033,36.73762,88.954
-87.077,25.006,138.8014,35.90228,89.912
-87.077,24.106,138.80151,35.89417,89.921
-87.077,23.206,138.80161,35.88606,89.93
-87.077,22.306,138.80172,35.87795,89.94
-85.277,119.506,138.81027,36.75402,88.935
-85.277,21.406,138.82175,35.87,89.949
-84.377,119.506,138.82035,36.7541,88.934
-84.377,21.406,138.83172,35.87009,89.949
-83.477,120.406,138.83032,36.7623,88.925
-83.477,119.506,138.83042,36.75419,88.934
-82.577,125.806,138.83977,36.81104,88.868
-82.577,124.906,138.83988,36.80293,88.878
-81.677,124.906,138.84996,36.80301,88.878
-81.677,21.406,138.86161,35.87033,89.948
-80.777,124.906,138.86004,36.8031,88.878
-79.877,125.806,138.87003,36.81129,88.868
-79.877,124.906,138.87013,36.80318,88.877
-79.877,19.606,138.88174,35.85427,89.967
-78.977,19.606,138.8917,35.85435,89.966
-78.077,126.706,138.8901,36.81956,88.858
-78.077,19.606,138.90166,35.85443,89.966
-77.177,126.706,138.90019,36.81964,88.858
-76.277,126.706,138.91027,36.81972,88.858
-76.277,-29.894,138.92664,35.40845,90.47
-75.377,126.706,138.92036,36.8198,88.858
-74.477,133.006,138.92978,36.87664,88.792
-74.477,132.106,138.92988,36.86853,88.802
-74.477,131.206,138.92997,36.86042,88.811
-74.477,130.306,138.93007,36.85231,88.82
-74.477,126.706,138.93045,36.81987,88.858
-74.477,-26.294,138.9461,35.44105,90.433
-73.577,133.906,138.93978,36.88483,88.783
-73.577,-28.994,138.95628,35.41679,90.46
-73.577,-29.894,138.95636,35.40867,90.469
-72.677,133.906,138.94988,36.8849,88.783
-72.677,19.606,138.96144,35.85488,89.966
-72.677,18.706,138.96153,35.84676,89.975
-72.677,17.806,138.96162,35.83865,89.984
-72.677,-24.494,138.96575,35.45742,90.415
-72.677,-28.994,138.96619,35.41686,90.46
-71.777,133.906,138.95997,36.88498,88.782
-71.777,17.806,138.97158,35.83873,89.984
-71.777,-24.494,138.97566,35.45749,90.415
-70.877,17.806,138.98154,35.8388,89.984
-70.877,16.906,138.98163,35.83069,89.993
-70.877,16.006,138.98172,35.82257,90.002
-70.877,15.106,138.9818,35.81446,90.012
-70.877,14.206,138.98189,35.80635,90.021
-70.877,13.306,138.98198,35.79824,90.03
-70.877,-24.494,138.98558,35.45756,90.415
-70.877,-46.094,138.98761,35.26287,90.633
-70.877,-46.994,138.9877,35.25476,90.642
-70.877,-47.894,138.98778,35.24665,90.651
-70.877,-48.794,138.98786,35.23854,90.66
-70.877,-49.694,138.98795,35.23042,90.669
-70.877,-50.594,138.98803,35.22231,90.678
-69.977,133.906,138.98016,36.88513,88.782
-69.977,10.606,138.99219,35.77398,90.058
-69.977,-44.294,138.99734,35.27916,90.615
-69.977,-52.394,138.99808,35.20616,90.696
-69.077,138.406,138.98981,36.92575,88.735
-69.077,137.506,138.9899,36.91764,88.744
-69.077,136.606,138.98999,36.90953,88.754
-69.077,135.706,138.99008,36.90142,88.763
-69.077,134.806,138.99017,36.89331,88.773
-69.077,133.906,138.99026,36.8852,88.782
-69.077,10.606,139.00214,35.77405,90.057
-69.077,9.706,139.00223,35.76593,90.067
-69.077,8.806,139.00231,35.75782,90.076
-69.077,-32.594,139.00615,35.38469,90.496
-69.077,-44.294,139.00723,35.27923,90.615
-69.077,-52.394,139.00797,35.20622,90.696
-69.077,-53.294,139.00805,35.19811,90.705
-68.177,8.806,139.01226,35.75789,90.076
-68.177,-34.394,139.01622,35.36853,90.514
-68.177,-37.094,139.01647,35.34419,90.542
-68.177,-40.694,139.01679,35.31175,90.578
-68.177,-54.194,139.01801,35.19007,90.714
-67.277,8.806,139.02221,35.75796,90.076
-67.277,7.906,139.0223,35.74985,90.085
-67.277,7.006,139.02238,35.74174,90.094
-67.277,-22.694,139.02507,35.47405,90.396
-67.277,-34.394,139.02613,35.3686,90.514
-67.277,-35.294,139.02621,35.36049,90.524
-67.277,-36.194,139.02629,35.35237,90.533
-67.277,-37.094,139.02637,35.34426,90.542
-67.277,-37.994,139.02645,35.33615,90.551
-67.277,-38.894,139.02653,35.32804,90.56
-67.277,-39.794,139.02661,35.31993,90.569
-67.277,-40.694,139.02669,35.31181,90.578
-67.277,-54.194,139.0279,35.19013,90.714
-66.377,5.206,139.03249,35.72558,90.112
-66.377,-57.794,139.03809,35.15775,90.75
-65.477,5.206,139.04244,35.72565,90.112
-65.477,4.306,139.04252,35.71753,90.121
-65.477,-20.894,139.04475,35.49041,90.378
-65.477,-57.794,139.04797,35.15781,90.75
-64.577,-57.794,139.05785,35.15788,90.75
-63.677,3.406,139.06249,35.70955,90.13
-63.677,-57.794,139.06773,35.15794,90.75
-63.677,-58.694,139.0678,35.14983,90.759
-62.777,3.406,139.07244,35.70961,90.13
-61.877,146.506,139.0699,36.99928,88.649
-61.877,3.406,139.08238,35.70968,90.13
-61.877,2.506,139.08246,35.70157,90.139
-61.877,-19.094,139.08427,35.50688,90.359
-60.977,146.506,139.08001,36.99935,88.649
-60.977,-19.094,139.09419,35.50694,90.359
-60.077,147.406,139.09004,37.00752,88.64
-60.077,146.506,139.09012,36.99941,88.649
-60.077,-18.194,139.10404,35.51512,90.35
-60.077,-19.094,139.10411,35.50701,90.359
-59.177,151.906,139.09976,37.04813,88.592
-59.177,-17.294,139.11389,35.52329,90.341
-59.177,-57.794,139.11712,35.15824,90.75
-58.277,1.606,139.12231,35.6937,90.148
-58.277,-14.594,139.1236,35.54768,90.313
-58.277,-15.494,139.12367,35.53957,90.322
-58.277,-16.394,139.12374,35.53146,90.331
-58.277,-17.294,139.12381,35.52335,90.341
-58.277,-57.794,139.127,35.1583,90.75
-58.277,-164.894,139.13515,34.19284,91.814
-57.377,150.106,139.12015,37.03204,88.611
-57.377,149.206,139.12022,37.02393,88.621
-57.377,148.306,139.1203,37.01582,88.63
-57.377,-5.594,139.13282,35.62886,90.222
-57.377,-10.094,139.13317,35.5883,90.267
-57.377,-10.994,139.13324,35.58019,90.277
-57.377,-13.694,139.13345,35.55585,90.304
-57.377,-48.794,139.13618,35.23948,90.659
-57.377,-49.694,139.13625,35.23137,90.668
-57.377,-50.594,139.13632,35.22326,90.677
-57.377,-51.494,139.13639,35.21514,90.686
-57.377,-160.394,139.14458,34.23347,91.769
-57.377,-161.294,139.14465,34.22535,91.778
-57.377,-163.994,139.14484,34.20101,91.805
-56.477,148.306,139.13041,37.01588,88.63
-56.477,-0.194,139.14234,35.67759,90.167
-56.477,-1.094,139.14241,35.66948,90.176
-56.477,-5.594,139.14275,35.62892,90.222
-56.477,-6.494,139.14282,35.62081,90.231
-56.477,-7.394,139.14289,35.61269,90.24
-56.477,-8.294,139.14296,35.60458,90.249
-56.477,-9.194,139.14303,35.59647,90.258
-56.477,-10.094,139.1431,35.58836,90.267
-56.477,-10.994,139.14317,35.58025,90.276
-56.477,-11.894,139.14324,35.57213,90.286
-56.477,-12.794,139.14331,35.56402,90.295
-56.477,-13.694,139.14338,35.55591,90.304
-56.477,-161.294,139.15441,34.22541,91.778
-55.577,147.406,139.1406,37.00783,88.639
-55.577,146.506,139.14067,36.99972,88.649
-55.577,-46.994,139.15582,35.25582,90.641
-55.577,-161.294,139.16418,34.22546,91.778
-55.577,-162.194,139.16425,34.21735,91.787
-54.677,146.506,139.15078,36.99977,88.649
-53.777,145.606,139.16097,36.99172,88.658
-53.777,144.706,139.16104,36.98361,88.668
-53.777,143.806,139.16111,36.9755,88.677
-53.777,142.906,139.16118,36.96739,88.687
-53.777,-45.194,139.17547,35.27215,90.622
-53.777,-46.094,139.17554,35.26404,90.632
-52.877,144.706,139.17115,36.98367,88.668
-52.877,142.906,139.17129,36.96745,88.686
-52.877,-45.194,139.18536,35.2722,90.622
-51.977,141.106,139.18153,36.95128,88.705
-51.977,-43.394,139.19513,35.28848,90.604
-51.977,-44.294,139.19519,35.28037,90.613
-51.077,141.106,139.19164,36.95134,88.705
-51.077,-43.394,139.20502,35.28853,90.604
-50.177,141.106,139.20174,36.95139,88.705
-50.177,-43.394,139.21492,35.28858,90.604
-49.277,141.106,139.21185,36.95145,88.705
-48.377,141.106,139.22195,36.9515,88.705
-48.377,140.206,139.22202,36.94339,88.715
-48.377,139.306,139.22208,36.93528,88.724
-47.477,-145.994,139.25114,34.36384,91.627
-47.477,-146.894,139.2512,34.35573,91.636
-46.577,137.506,139.24241,36.91916,88.743
-46.577,-41.594,139.25438,35.30501,90.586
-46.577,-143.294,139.26076,34.38823,91.6
-46.577,-147.794,139.26104,34.34766,91.645
-45.677,137.506,139.25252,36.91921,88.743
-45.677,-41.594,139.26427,35.30505,90.586
-45.677,-142.394,139.2705,34.39639,91.592
-45.677,-143.294,139.27055,34.38828,91.6
-44.777,-41.594,139.27417,35.3051,90.586
-44.777,-127.994,139.27943,34.52625,91.449
-44.777,-141.494,139.28023,34.40455,91.583
-43.877,-41.594,139.28407,35.30514,90.586
-41.177,137.506,139.30302,36.91945,88.742
-41.177,-39.794,139.31365,35.3215,90.567
-41.177,-40.694,139.3137,35.31339,90.576
-40.277,137.506,139.31312,36.91949,88.742
-40.277,-39.794,139.32355,35.32154,90.567
-39.377,137.506,139.32322,36.91954,88.742
-39.377,-39.794,139.33345,35.32158,90.567
-38.477,137.506,139.33332,36.91958,88.742
-38.477,-39.794,139.34335,35.32162,90.567
-37.577,136.606,139.34348,36.91151,88.752
-37.577,135.706,139.34353,36.9034,88.761
-37.577,-39.794,139.35325,35.32166,90.567
-37.577,-100.094,139.35642,34.7781,91.172
-36.677,135.706,139.35363,36.90344,88.761
-36.677,-39.794,139.36314,35.3217,90.567
-36.677,-99.194,139.3662,34.78625,91.163
-36.677,-100.094,139.36625,34.77814,91.172
-36.677,-102.794,139.36639,34.7538,91.199
-36.677,-103.694,139.36643,34.74568,91.208
-36.677,-104.594,139.36648,34.73757,91.217
-36.677,-105.494,139.36652,34.72946,91.225
-36.677,-106.394,139.36657,34.72134,91.234
-36.677,-107.294,139.36661,34.71323,91.243
-35.777,136.606,139.36368,36.91159,88.752
-35.777,135.706,139.36373,36.90348,88.761
-35.777,-39.794,139.37304,35.32174,90.567
-35.777,-99.194,139.37604,34.78629,91.163
-35.777,-100.094,139.37608,34.77817,91.172
-35.777,-108.194,139.37648,34.70515,91.252
-34.877,135.706,139.37383,36.90352,88.761
-34.877,-39.794,139.38294,35.32178,90.567
-34.877,-100.094,139.38591,34.77821,91.172
-34.877,-108.194,139.38631,34.70519,91.252
-33.977,135.706,139.38392,36.90356,88.761
-33.977,-39.794,139.39284,35.32182,90.567
-33.977,-100.094,139.39575,34.77825,91.172
-33.077,135.706,139.39402,36.9036,88.761
-33.077,-39.794,139.40274,35.32185,90.567
-33.077,-100.094,139.40558,34.77828,91.172
-33.077,-109.994,139.40604,34.68903,91.27
-32.177,-39.794,139.41264,35.32189,90.567
-32.177,-100.994,139.41545,34.7702,91.18
-32.177,-101.894,139.4155,34.76209,91.189
-32.177,-109.994,139.41586,34.68907,91.27
-31.277,137.506,139.41413,36.91989,88.742
-31.277,-101.894,139.42533,34.76212,91.189
-31.277,-109.994,139.42569,34.6891,91.27
-30.377,137.506,139.42423,36.91993,88.742
-30.377,-103.694,139.43524,34.74593,91.207
-30.377,-104.594,139.43528,34.73781,91.216
-30.377,-105.494,139.43531,34.7297,91.225
-30.377,-106.394,139.43535,34.72159,91.234
-30.377,-107.294,139.43539,34.71347,91.243
-30.377,-108.194,139.43543,34.70536,91.252
-30.377,-109.094,139.43547,34.69725,91.261
-29.477,137.506,139.43434,36.91996,88.742
-28.577,139.306,139.44435,36.93622,88.723
-28.577,-39.794,139.45223,35.32202,90.567
-27.677,140.206,139.45442,36.94436,88.713
-27.677,139.306,139.45446,36.93625,88.723
-27.677,-39.794,139.46213,35.32205,90.567
-26.777,-39.794,139.47203,35.32208,90.567
-25.877,-39.794,139.48193,35.32211,90.567
-25.877,-177.494,139.48714,34.08074,91.936
-25.877,-178.394,139.48717,34.07262,91.944
-25.877,-179.294,139.4872,34.06451,91.953
-25.877,-180.194,139.48723,34.0564,91.962
-24.977,-173.894,139.49676,34.11322,91.9
-24.977,-175.694,139.49682,34.09699,91.918
-24.977,-180.194,139.49698,34.05642,91.962
-24.077,-173.894,139.50651,34.11325,91.9
-24.077,-174.794,139.50655,34.10514,91.909
-24.077,-175.694,139.50658,34.09702,91.918
-24.077,-180.194,139.50673,34.05645,91.962
-23.177,-173.894,139.51627,34.11328,91.9
-23.177,-180.194,139.51648,34.05648,91.962
-22.277,142.906,139.51494,36.96887,88.685
-22.277,-173.894,139.52603,34.1133,91.9
-22.277,-180.194,139.52623,34.0565,91.962
-21.377,142.906,139.52505,36.96889,88.685
-21.377,-173.894,139.53578,34.11332,91.9
-20.477,142.906,139.53516,36.96892,88.685
-19.577,-175.694,139.55535,34.09714,91.918
-19.577,-176.594,139.55537,34.08903,91.927
-19.577,-177.494,139.5554,34.08091,91.935
-19.577,-178.394,139.55543,34.0728,91.944
-18.677,144.706,139.55532,36.98519,88.666
-18.677,-41.594,139.56117,35.30609,90.584
-17.777,144.706,139.56543,36.98521,88.666
-16.877,145.606,139.57551,36.99335,88.656
-16.877,144.706,139.57554,36.98524,88.666
-16.877,-43.394,139.58101,35.2899,90.603
-16.877,-44.294,139.58104,35.28179,90.612
-16.877,-45.194,139.58106,35.27368,90.621
-16.877,-46.094,139.58109,35.26556,90.63
-16.877,-199.994,139.58525,33.87811,92.155
-16.877,-200.894,139.58527,33.87,92.164
-15.977,146.506,139.58559,37.00148,88.647
-15.977,-46.994,139.59101,35.25747,90.639
-15.977,-199.094,139.59495,33.88625,92.146
-15.977,-201.794,139.59502,33.8619,92.173
-15.077,146.506,139.59571,37.0015,88.647
-15.077,-46.994,139.6009,35.25749,90.639
-15.077,-47.894,139.60092,35.24938,90.648
-15.077,-199.094,139.60468,33.88626,92.146
-15.077,-201.794,139.60475,33.86192,92.172
-14.177,-30.794,139.61039,35.40354,90.475
-14.177,-31.694,139.61041,35.39543,90.484
-14.177,-37.994,139.61057,35.33864,90.548
-14.177,-38.894,139.61059,35.33053,90.557
-14.177,-199.994,139.61443,33.87817,92.155
-14.177,-200.894,139.61445,33.87005,92.164
-14.177,-201.794,139.61447,33.86194,92.172
-13.277,-37.994,139.62047,35.33866,90.548
-13.277,-53.294,139.62083,35.20074,90.702
-13.277,-200.894,139.62418,33.87007,92.164
-12.377,-21.794,139.63,35.4847,90.384
-12.377,-22.694,139.63002,35.47659,90.393
-12.377,-26.294,139.6301,35.44414,90.43
-12.377,-28.994,139.63016,35.4198,90.457
-12.377,-40.694,139.63043,35.31433,90.575
-12.377,-41.594,139.63045,35.30622,90.584
-12.377,-50.594,139.63065,35.22509,90.675
-12.377,-53.294,139.63071,35.20076,90.702
-12.377,-58.694,139.63083,35.15208,90.757
-11.477,149.206,139.63609,37.0259,88.618
-11.477,148.306,139.63611,37.01779,88.628
-11.477,-21.794,139.63992,35.48472,90.384
-11.477,-26.294,139.64002,35.44415,90.43
-11.477,-28.994,139.64008,35.41982,90.457
-11.477,-33.494,139.64017,35.37925,90.502
-11.477,-50.594,139.64054,35.22511,90.675
-11.477,-51.494,139.64056,35.217,90.684
-11.477,-52.394,139.64058,35.20888,90.693
-11.477,-53.294,139.64059,35.20077,90.702
-11.477,-57.794,139.64069,35.16021,90.747
-11.477,-58.694,139.64071,35.15209,90.757
-10.577,-21.794,139.64984,35.48473,90.384
-10.577,-28.994,139.64999,35.41983,90.457
-10.577,-37.094,139.65015,35.34682,90.539
-10.577,-54.194,139.6505,35.19267,90.711
-10.577,-55.094,139.65051,35.18456,90.72
-10.577,-56.894,139.65055,35.16833,90.738
-10.577,-57.794,139.65057,35.16022,90.747
-10.577,-58.694,139.65059,35.15211,90.757
-9.677,-21.794,139.65976,35.48475,90.384
-9.677,-28.994,139.6599,35.41985,90.457
-9.677,-58.694,139.66047,35.15212,90.757
-8.777,150.106,139.66642,37.03406,88.609
-8.777,-21.794,139.66968,35.48476,90.384
-8.777,-28.094,139.66979,35.42797,90.448
-8.777,-28.994,139.66981,35.41986,90.457
-8.777,-45.194,139.6701,35.27383,90.621
-8.777,-46.094,139.67012,35.26572,90.63
-8.777,-52.394,139.67023,35.20893,90.693
-8.777,-58.694,139.67034,35.15214,90.756
-7.877,151.006,139.67652,37.04219,88.599
-7.877,150.106,139.67654,37.03407,88.609
-7.877,-21.794,139.6796,35.48477,90.384
-7.877,-46.094,139.68001,35.26573,90.63
-6.977,151.906,139.68662,37.05031,88.59
-6.977,-19.994,139.68949,35.50101,90.366
-6.077,151.906,139.69674,37.05032,88.59
-6.077,-19.994,139.69941,35.50102,90.366
-5.177,151.906,139.70686,37.05033,88.59
-5.177,-18.194,139.7093,35.51726,90.347
-5.177,-19.094,139.70931,35.50915,90.357
-5.177,-46.994,139.7097,35.25765,90.639
-5.177,-47.894,139.70971,35.24954,90.648
-5.177,-48.794,139.70972,35.24143,90.657
-5.177,-49.694,139.70973,35.23331,90.666
-4.277,152.806,139.71697,37.05845,88.58
-4.277,151.906,139.71698,37.05034,88.59
-4.277,-18.194,139.71922,35.51727,90.347
-4.277,-22.694,139.71928,35.4767,90.393
-4.277,-46.994,139.71959,35.25766,90.639
-3.377,-21.794,139.72919,35.48483,90.384
-3.377,-46.994,139.72948,35.25767,90.639
-1.577,153.706,139.74732,37.06659,88.571
-1.577,-1.994,139.74884,35.66332,90.183
-1.577,-2.894,139.74885,35.6552,90.192
-1.577,-3.794,139.74886,35.64709,90.201
-1.577,-13.694,139.74895,35.55785,90.302
-1.577,-20.894,139.74902,35.49295,90.375
-0.677,153.706,139.75744,37.0666,88.571
-0.677,-1.994,139.75878,35.66332,90.183
-0.677,-9.194,139.75884,35.59842,90.256
-0.677,-10.094,139.75885,35.59031,90.265
-0.677,-284.594,139.761,33.11551,92.97
-0.677,-357.494,139.76153,32.4581,93.66
0.223,153.706,139.76756,37.0666,88.571
0.223,-1.994,139.76872,35.66333,90.183
0.223,-16.394,139.76883,35.53353,90.329
0.223,-79.394,139.76927,34.96563,90.964
0.223,-280.994,139.77062,33.14797,92.936
0.223,-281.894,139.77063,33.13986,92.945
0.223,-358.394,139.77111,32.44998,93.668
1.123,154.606,139.77767,37.07472,88.561
1.123,153.706,139.77768,37.06661,88.571
1.123,-1.994,139.77866,35.66333,90.183
1.123,-13.694,139.77873,35.55787,90.302
1.123,-16.394,139.77875,35.53353,90.329
1.123,-17.294,139.77876,35.52542,90.338
1.123,-79.394,139.77913,34.96563,90.964
1.123,-281.894,139.78028,33.13986,92.945
2.023,155.506,139.78779,37.08283,88.552
2.023,-1.994,139.7886,35.66334,90.183
2.023,-14.594,139.78867,35.54976,90.311
2.023,-15.494,139.78867,35.54165,90.32
2.023,-79.394,139.78898,34.96564,90.964
2.023,-282.794,139.78993,33.13175,92.953
2.023,-283.694,139.78993,33.12364,92.962
2.923,155.506,139.79791,37.08284,88.552
2.923,-1.994,139.79854,35.66334,90.183
2.923,-2.894,139.79855,35.65523,90.192
2.923,-79.394,139.79884,34.96564,90.964
2.923,-80.294,139.79884,34.95753,90.973
2.923,-283.694,139.79958,33.12364,92.962
3.823,-3.794,139.80849,35.64712,90.201
3.823,-284.594,139.80922,33.11553,92.97
3.823,-285.494,139.80923,33.10741,92.979
3.823,-289.994,139.80924,33.06683,93.022
4.723,-3.794,139.81843,35.64712,90.201
4.723,-81.194,139.81855,34.94942,90.982
4.723,-285.494,139.81887,33.10741,92.979
4.723,-289.994,139.81888,33.06683,93.022
5.623,159.106,139.82828,37.11528,88.514
5.623,-40.694,139.82839,35.3145,90.575
5.623,-41.594,139.82839,35.30639,90.584
5.623,-55.094,139.82839,35.1847,90.72
5.623,-57.794,139.82839,35.16036,90.747
5.623,-78.494,139.8284,34.97376,90.955
5.623,-285.494,139.82851,33.10741,92.979
5.623,-288.194,139.82851,33.08306,93.005
5.623,-289.094,139.82851,33.07495,93.013
5.623,-289.994,139.82851,33.06683,93.022
5.623,-290.894,139.82851,33.05872,93.03
6.523,160.006,139.83841,37.12339,88.504
6.523,159.106,139.83841,37.11528,88.514
6.523,-37.094,139.83829,35.34696,90.539
6.523,-39.794,139.83828,35.32262,90.566
6.523,-40.694,139.83828,35.3145,90.575
6.523,-41.594,139.83828,35.30639,90.584
6.523,-54.194,139.83828,35.19281,90.711
6.523,-55.094,139.83827,35.1847,90.72
6.523,-57.794,139.83827,35.16036,90.747
6.523,-58.694,139.83827,35.15225,90.756
6.523,-63.194,139.83827,35.11168,90.802
6.523,-67.694,139.83827,35.07112,90.847
6.523,-68.594,139.83827,35.063,90.856
6.523,-69.494,139.83827,35.05489,90.865
6.523,-70.394,139.83827,35.04678,90.874
6.523,-71.294,139.83827,35.03866,90.883
6.523,-78.494,139.83826,34.97376,90.955
6.523,-82.994,139.83826,34.93319,91
6.523,-83.894,139.83826,34.92508,91.009
6.523,-84.794,139.83826,34.91696,91.018
6.523,-285.494,139.83815,33.10741,92.979
6.523,-288.194,139.83815,33.08306,93.005
7.423,160.906,139.84854,37.1315,88.495
7.423,-53.294,139.84816,35.20092,90.702
7.423,-72.194,139.84813,35.03055,90.892
7.423,-78.494,139.84812,34.97376,90.955
7.423,-84.794,139.84811,34.91696,91.018
7.423,-85.694,139.84811,34.90885,91.027
7.423,-286.394,139.8478,33.0993,92.988
7.423,-287.294,139.8478,33.09118,92.996
7.423,-288.194,139.84779,33.08306,93.005
8.323,160.906,139.85867,37.1315,88.495
8.323,-3.794,139.85818,35.64712,90.201
8.323,-35.294,139.85809,35.36318,90.52
8.323,-43.394,139.85807,35.29016,90.602
8.323,-44.294,139.85807,35.28205,90.611
8.323,-45.194,139.85807,35.27394,90.62
8.323,-52.394,139.85805,35.20903,90.693
8.323,-53.294,139.85804,35.20092,90.702
8.323,-72.194,139.85799,35.03055,90.892
8.323,-77.594,139.85798,34.98187,90.946
8.323,-78.494,139.85798,34.97375,90.955
8.323,-84.794,139.85796,34.91696,91.018
9.223,-3.794,139.86812,35.64712,90.201
9.223,-84.794,139.86781,34.91696,91.018
10.123,-3.794,139.87806,35.64711,90.201
10.123,-46.994,139.87784,35.25771,90.639
10.123,-47.894,139.87784,35.24959,90.648
10.123,-48.794,139.87783,35.24148,90.657
10.123,-49.694,139.87783,35.23337,90.666
10.123,-50.594,139.87783,35.22525,90.675
10.123,-51.494,139.87782,35.21714,90.684
10.123,-84.794,139.87766,34.91696,91.018
10.123,-85.694,139.87765,34.90884,91.027
11.023,-5.594,139.88799,35.63088,90.219
11.023,-36.194,139.8878,35.35506,90.53
11.023,-37.094,139.88779,35.34694,90.539
11.023,-84.794,139.88751,34.91695,91.018
11.923,162.706,139.8992,37.14771,88.476
11.923,-37.094,139.8977,35.34694,90.539
11.923,-84.794,139.89736,34.91695,91.018
12.823,-1.994,139.90789,35.66332,90.183
12.823,-2.894,139.90789,35.65521,90.192
12.823,-35.294,139.90761,35.36316,90.521
12.823,-84.794,139.90721,34.91694,91.018
13.723,-28.094,139.91759,35.42805,90.448
13.723,-30.794,139.91756,35.40372,90.475
13.723,-31.694,139.91755,35.3956,90.484
13.723,-34.394,139.91753,35.37126,90.511
13.723,-35.294,139.91752,35.36315,90.521
13.723,-84.794,139.91706,34.91693,91.018
14.623,162.706,139.9296,37.14769,88.476
14.623,-28.094,139.9275,35.42805,90.448
14.623,-84.794,139.92691,34.91693,91.018
15.523,162.706,139.93973,37.14768,88.476
15.523,-27.194,139.93742,35.43615,90.439
15.523,-28.094,139.93741,35.42804,90.448
16.423,162.706,139.94986,37.14767,88.476
16.423,1.606,139.9477,35.69574,90.146
16.423,0.706,139.94769,35.68763,90.155
16.423,-79.394,139.94667,34.96559,90.964
16.423,-80.294,139.94666,34.95748,90.973
16.423,-81.194,139.94665,34.94936,90.982
16.423,-82.094,139.94664,34.94125,90.991
16.423,-82.994,139.94663,34.93314,91
17.323,1.606,139.95765,35.69573,90.146
17.323,-80.294,139.95652,34.95747,90.973
17.323,-81.194,139.95651,34.94935,90.982
18.223,-73.994,139.96646,35.01425,90.91
18.223,-74.894,139.96645,35.00614,90.919
18.223,-75.794,139.96644,34.99802,90.928
19.123,-24.494,139.97711,35.46045,90.411
20.023,160.906,139.99035,37.1314,88.495
20.023,-26.294,139.987,35.44421,90.43
20.023,-72.194,139.98622,35.03045,90.892
20.923,160.906,140.00048,37.13139,88.495
20.923,1.606,139.99743,35.69568,90.146
20.923,0.706,139.99741,35.68757,90.155
20.923,-0.194,139.99739,35.67946,90.164
20.923,-1.094,139.99738,35.67135,90.174
20.923,-26.294,139.99691,35.4442,90.43
21.823,160.906,140.01061,37.13137,88.495
21.823,-24.494,140.00686,35.46041,90.411
21.823,-70.394,140.00598,35.04665,90.874
22.723,160.906,140.02074,37.13136,88.495
22.723,-1.994,140.01724,35.6632,90.183
22.723,-24.494,140.01678,35.46039,90.411
22.723,-70.394,140.01584,35.04664,90.874
23.623,160.906,140.03087,37.13134,88.495
23.623,-24.494,140.02669,35.46038,90.411
23.623,-68.594,140.02575,35.06285,90.856
23.623,-69.494,140.02573,35.05474,90.865
24.523,160.906,140.041,37.13132,88.495
24.523,-3.794,140.03708,35.64695,90.201
24.523,-23.594,140.03663,35.46847,90.402
24.523,-24.494,140.03661,35.46036,90.411
24.523,-68.594,140.03562,35.06283,90.856
25.423,160.006,140.05111,37.12319,88.505
25.423,159.106,140.05108,37.11508,88.514
25.423,-68.594,140.04548,35.06282,90.856
26.323,159.106,140.06121,37.11506,88.514
26.323,-5.594,140.05691,35.63069,90.22
26.323,-18.194,140.0566,35.51711,90.348
26.323,-19.094,140.05657,35.509,90.357
26.323,-68.594,140.05535,35.0628,90.856
27.223,159.106,140.07134,37.11504,88.514
27.223,-66.794,140.06526,35.07901,90.838
27.223,-67.694,140.06524,35.07089,90.847
27.223,-68.594,140.06522,35.06278,90.856
28.123,159.106,140.08147,37.11502,88.514
28.123,-66.794,140.07513,35.07899,90.838
29.023,159.106,140.09159,37.115,88.514
29.023,-16.394,140.08642,35.53328,90.329
29.023,-17.294,140.08639,35.52517,90.338
29.023,-64.994,140.08505,35.09519,90.82
29.023,-65.894,140.08503,35.08708,90.829
29.023,-66.794,140.085,35.07897,90.838
29.923,-7.394,140.09661,35.61438,90.238
29.923,-10.994,140.0965,35.58193,90.275
29.923,-17.294,140.09631,35.52515,90.339
29.923,-64.994,140.09492,35.09517,90.82
30.823,158.206,140.11182,37.10685,88.524
30.823,157.306,140.11179,37.09873,88.533
30.823,-7.394,140.10654,35.61436,90.238
30.823,-15.494,140.10629,35.54135,90.32
30.823,-63.194,140.10485,35.11138,90.802
31.723,157.306,140.12191,37.09871,88.533
31.723,-7.394,140.11648,35.61434,90.238
31.723,-8.294,140.11645,35.60623,90.247
31.723,-15.494,140.11622,35.54133,90.32
32.623,157.306,140.13204,37.09869,88.533
32.623,-13.694,140.1262,35.55753,90.302
32.623,-61.394,140.12465,35.12756,90.784
33.523,-12.794,140.13616,35.56562,90.293
33.523,-13.694,140.13613,35.5575,90.302
33.523,-61.394,140.13453,35.12753,90.784
34.423,154.606,140.15219,37.0743,88.562
34.423,153.706,140.15215,37.06619,88.571
34.423,-61.394,140.1444,35.12751,90.784
35.323,153.706,140.16227,37.06616,88.571
35.323,-61.394,140.15428,35.12748,90.784
36.223,153.706,140.17239,37.06614,88.571
37.123,-61.394,140.17403,35.12743,90.784
38.023,149.206,140.19245,37.02552,88.619
38.023,148.306,140.19241,37.01741,88.628
38.923,148.306,140.20252,37.01738,88.628
39.823,-61.394,140.20365,35.12734,90.784
39.823,-62.294,140.20362,35.11923,90.793
40.723,-61.394,140.21353,35.12731,90.784
41.623,148.306,140.23286,37.01728,88.628
41.623,147.406,140.23282,37.00917,88.638
41.623,146.506,140.23278,37.00106,88.647
41.623,145.606,140.23274,36.99295,88.657
41.623,144.706,140.23269,36.98484,88.666
41.623,143.806,140.23265,36.97673,88.676
41.623,142.906,140.23261,36.96862,88.685
41.623,142.006,140.23257,36.96051,88.695
41.623,141.106,140.23252,36.9524,88.704
41.623,140.206,140.23248,36.94429,88.713
41.623,139.306,140.23244,36.93618,88.723
41.623,-61.394,140.2234,35.12728,90.784
42.523,148.306,140.24298,37.01725,88.628
42.523,139.306,140.24254,36.93615,88.723
43.423,-59.594,140.24323,35.14344,90.766
44.323,-59.594,140.25311,35.14341,90.766
45.223,137.506,140.27276,36.91982,88.742
45.223,-59.594,140.26299,35.14337,90.766
46.123,138.406,140.28291,36.92789,88.733
46.123,137.506,140.28286,36.91978,88.742
46.123,-59.594,140.27287,35.14333,90.766
47.023,137.506,140.29296,36.91974,88.742
47.023,-57.794,140.28283,35.15952,90.748
47.023,-58.694,140.28279,35.15141,90.757
47.023,-59.594,140.28274,35.1433,90.766
47.923,-57.794,140.29271,35.15949,90.748
48.823,135.706,140.31306,36.90344,88.761
48.823,134.806,140.31301,36.89533,88.77
48.823,133.906,140.31296,36.88722,88.78
48.823,-57.794,140.30259,35.15945,90.748
49.723,133.906,140.32306,36.88718,88.78
49.723,-57.794,140.31247,35.15941,90.748
50.623,-55.994,140.32244,35.1756,90.73
50.623,-56.894,140.32239,35.16748,90.739
50.623,-57.794,140.32235,35.15937,90.748
50.623,-58.694,140.3223,35.15126,90.757
50.623,-576.194,140.29737,30.48465,95.656
51.523,-55.994,140.33232,35.17556,90.73
51.523,-576.194,140.30675,30.48462,95.656
52.423,133.006,140.35329,36.87894,88.789
52.423,132.106,140.35324,36.87083,88.799
52.423,-54.194,140.34231,35.19174,90.712
52.423,-55.094,140.34226,35.18363,90.721
53.323,132.106,140.36333,36.87078,88.799
53.323,-54.194,140.35219,35.1917,90.712
54.223,-54.194,140.36207,35.19166,90.712
55.123,-54.194,140.37195,35.19161,90.712
56.023,126.706,140.39326,36.82198,88.856
56.023,-28.994,140.38337,35.41872,90.458
56.023,-29.894,140.38332,35.4106,90.467
56.023,-30.794,140.38326,35.40249,90.476
56.023,-31.694,140.38321,35.39438,90.485
56.023,-32.594,140.38315,35.38627,90.495
56.023,-33.494,140.3831,35.37816,90.504
56.023,-34.394,140.38304,35.37004,90.513
56.023,-35.294,140.38299,35.36193,90.522
56.023,-36.194,140.38293,35.35382,90.531
56.023,-37.094,140.38288,35.34571,90.54
56.023,-37.994,140.38282,35.33759,90.549
56.023,-38.894,140.38277,35.32948,90.558
56.023,-50.594,140.38205,35.22402,90.676
56.023,-51.494,140.382,35.21591,90.685
56.023,-52.394,140.38195,35.20779,90.694
56.023,-53.294,140.38189,35.19968,90.703
56.923,126.706,140.40335,36.82193,88.856
56.923,-50.594,140.39194,35.22397,90.676
57.823,126.706,140.41344,36.82188,88.856
57.823,-21.794,140.40365,35.48352,90.385
57.823,-22.694,140.40359,35.47541,90.394
57.823,-23.594,140.40354,35.4673,90.404
57.823,-24.494,140.40348,35.45919,90.413
57.823,-40.694,140.40245,35.31316,90.577
57.823,-41.594,140.40239,35.30505,90.586
57.823,-42.494,140.40234,35.29694,90.595
58.723,-21.794,140.41357,35.48348,90.385
59.623,124.906,140.43349,36.80556,88.875
59.623,-18.194,140.42373,35.51588,90.349
59.623,-19.094,140.42367,35.50776,90.358
59.623,-19.994,140.42361,35.49965,90.367
60.523,-18.194,140.43365,35.51583,90.349
61.423,123.106,140.45353,36.78924,88.894
61.423,-16.394,140.44369,35.532,90.331
63.223,123.106,140.4737,36.78913,88.894
63.223,-12.794,140.46379,35.56435,90.294
63.223,-13.694,140.46373,35.55624,90.304
64.123,123.106,140.48378,36.78908,88.894
64.123,-12.794,140.47372,35.56429,90.294
65.023,124.906,140.494,36.80524,88.875
65.023,-10.994,140.48378,35.58047,90.276
65.923,125.806,140.50416,36.8133,88.866
65.923,124.906,140.50409,36.80519,88.875
66.823,-9.194,140.50378,35.59658,90.258
67.723,127.606,140.52448,36.8294,88.847
67.723,126.706,140.52441,36.82129,88.856
68.623,128.506,140.53464,36.83745,88.838
68.623,-7.394,140.52378,35.61269,90.24
69.523,130.306,140.54488,36.85361,88.819
69.523,129.406,140.54481,36.8455,88.828
69.523,128.506,140.54473,36.83739,88.838
70.423,130.306,140.55497,36.85355,88.819
70.423,70.006,140.54993,36.31015,89.446
70.423,69.106,140.54986,36.30204,89.456
70.423,68.206,140.54978,36.29393,89.465
70.423,67.306,140.54971,36.28582,89.474
70.423,66.406,140.54963,36.27771,89.484
70.423,65.506,140.54956,36.2696,89.493
70.423,64.606,140.54948,36.26149,89.502
70.423,63.706,140.54941,36.25337,89.511
70.423,62.806,140.54934,36.24526,89.521
70.423,61.906,140.54926,36.23715,89.53
70.423,61.006,140.54919,36.22904,89.539
70.423,60.106,140.54911,36.22093,89.549
70.423,-5.594,140.54379,35.6288,90.222
71.323,130.306,140.56507,36.85349,88.819
71.323,70.006,140.55995,36.31009,89.446
71.323,60.106,140.55912,36.22087,89.549
72.223,130.306,140.57516,36.85343,88.819
72.223,54.706,140.56868,36.17214,89.604
72.223,53.806,140.5686,36.16403,89.614
72.223,52.906,140.56853,36.15592,89.623
72.223,52.006,140.56845,36.14781,89.632
72.223,51.106,140.56838,36.1397,89.642
72.223,-3.794,140.56381,35.6449,90.204
73.123,139.306,140.58603,36.93447,88.725
73.123,136.606,140.58579,36.91014,88.753
73.123,131.206,140.58533,36.86147,88.81
73.123,130.306,140.58525,36.85336,88.819
73.123,51.106,140.57838,36.13964,89.642
74.023,136.606,140.59589,36.91007,88.753
74.023,135.706,140.59581,36.90196,88.763
74.023,134.806,140.59573,36.89385,88.772
74.023,48.406,140.58814,36.11524,89.669
74.023,47.506,140.58806,36.10713,89.679
74.023,-1.994,140.58384,35.66101,90.185
74.023,-2.894,140.58376,35.65289,90.194
74.923,135.706,140.60591,36.9019,88.763
74.923,134.806,140.60583,36.89379,88.772
74.923,133.906,140.60575,36.88568,88.782
74.923,133.006,140.60568,36.87756,88.791
74.923,132.106,140.6056,36.86945,88.801
74.923,-1.994,140.59378,35.66094,90.185
75.823,91.606,140.612,36.50443,89.223
75.823,90.706,140.61192,36.49632,89.232
75.823,78.106,140.61078,36.38277,89.363
75.823,77.206,140.6107,36.37466,89.372
75.823,76.306,140.61062,36.36655,89.382
75.823,43.906,140.60774,36.07456,89.716
75.823,43.006,140.60766,36.06645,89.725
75.823,42.106,140.60758,36.05834,89.734
75.823,-0.194,140.60387,35.6771,90.167
75.823,-1.094,140.6038,35.66899,90.176
76.723,91.606,140.62205,36.50436,89.223
76.723,-0.194,140.61381,35.67704,90.167
77.623,98.806,140.63276,36.56918,89.148
77.623,97.906,140.63268,36.56107,89.158
77.623,97.006,140.63259,36.55296,89.167
77.623,96.106,140.63251,36.54485,89.176
77.623,95.206,140.63243,36.53674,89.186
77.623,39.406,140.62731,36.03387,89.762
77.623,38.506,140.62723,36.02576,89.772
78.523,98.806,140.64282,36.56911,89.148
79.423,133.906,140.65623,36.88534,88.782
79.423,102.406,140.65321,36.60148,89.111
79.423,101.506,140.65313,36.59337,89.12
79.423,100.606,140.65304,36.58526,89.13
79.423,35.806,140.64695,36.00129,89.799
79.423,34.906,140.64687,35.99318,89.809
79.423,34.006,140.64678,35.98507,89.818
79.423,33.106,140.6467,35.97696,89.827
79.423,1.606,140.6438,35.69307,90.149
80.323,133.906,140.66633,36.88527,88.782
80.323,102.406,140.66327,36.60141,89.111
80.323,33.106,140.65668,35.97689,89.827
81.223,133.906,140.67643,36.8852,88.782
81.223,104.206,140.67351,36.61756,89.092
81.223,31.306,140.66649,35.9606,89.846
81.223,28.606,140.66623,35.93627,89.873
81.223,25.906,140.66598,35.91194,89.901
81.223,25.006,140.66589,35.90382,89.91
81.223,24.106,140.66581,35.89571,89.919
82.123,31.306,140.67646,35.96053,89.846
82.123,28.606,140.67621,35.9362,89.873
82.123,27.706,140.67612,35.92809,89.883
83.023,133.006,140.69653,36.87694,88.792
83.023,132.106,140.69644,36.86883,88.801
83.023,109.606,140.69417,36.66608,89.036
83.023,108.706,140.69408,36.65797,89.046
83.023,29.506,140.68627,35.94424,89.864
83.023,28.606,140.68618,35.93613,89.874
83.023,25.006,140.68583,35.90368,89.91
83.023,3.406,140.68375,35.70901,90.131
83.923,132.106,140.70654,36.86876,88.801
83.923,109.606,140.70424,36.66601,89.036
83.923,25.906,140.69589,35.91172,89.901
83.923,25.006,140.6958,35.90361,89.911
83.923,24.106,140.69571,35.8955,89.92
83.923,23.206,140.69562,35.88739,89.929
83.923,3.406,140.6937,35.70894,90.131
84.823,116.806,140.71505,36.73081,88.961
84.823,115.906,140.71495,36.7227,88.971
84.823,115.006,140.71486,36.71459,88.98
84.823,114.106,140.71477,36.70648,88.99
84.823,25.906,140.70586,35.91165,89.901
84.823,25.006,140.70577,35.90354,89.911
84.823,24.106,140.70568,35.89543,89.92
84.823,3.406,140.70364,35.70887,90.131
85.723,24.106,140.71565,35.89536,89.92
85.723,3.406,140.71359,35.7088,90.131
86.623,124.006,140.73596,36.79554,88.886
86.623,123.106,140.73586,36.78743,88.896
86.623,122.206,140.73577,36.77932,88.905
86.623,121.306,140.73567,36.77121,88.915
86.623,22.306,140.72544,35.87906,89.938
86.623,21.406,140.72534,35.87095,89.948
86.623,20.506,140.72525,35.86284,89.957
86.623,3.406,140.72353,35.70873,90.131
87.523,124.006,140.74604,36.79546,88.886
87.523,20.506,140.73522,35.86276,89.957
87.523,3.406,140.73348,35.70865,90.131
87.523,2.506,140.73338,35.70054,90.141
88.423,131.206,140.75691,36.86026,88.811
88.423,130.306,140.75681,36.85215,88.821
88.423,127.606,140.75652,36.82783,88.849
88.423,126.706,140.75642,36.81972,88.858
88.423,125.806,140.75632,36.81161,88.868
88.423,18.706,140.745,35.84647,89.975
89.323,130.306,140.7669,36.85208,88.821
89.323,127.606,140.7666,36.82775,88.849
90.223,131.206,140.77709,36.86011,88.811
90.223,130.306,140.77699,36.852,88.821
90.223,16.006,140.76464,35.82198,90.003
90.223,15.106,140.76454,35.81387,90.012
90.223,3.406,140.76331,35.70842,90.132
91.123,130.306,140.78708,36.85191,88.821
91.123,3.406,140.77326,35.70835,90.132
92.023,13.306,140.78426,35.79749,90.031
93.823,10.606,140.80388,35.773,90.059
93.823,9.706,140.80378,35.76489,90.068
93.823,5.206,140.80329,35.72433,90.114
93.823,4.306,140.80319,35.71622,90.123
94.723,9.706,140.81373,35.76481,90.068
94.723,5.206,140.81324,35.72425,90.114
95.623,7.906,140.82348,35.7485,90.086
95.623,5.206,140.82318,35.72417,90.114
96.523,5.206,140.83313,35.72409,90.114
97.423,6.106,140.84318,35.73212,90.105
98.323,6.106,140.85313,35.73203,90.105
98.323,3.406,140.85282,35.7077,90.133
99.223,5.206,140.86297,35.72384,90.114
151.423,-1135.094,141.27832,25.43452,100.242
155.023,-1207.994,141.3062,24.77622,100.783
155.023,-1208.894,141.3061,24.7681,100.789
155.923,-1207.994,141.3151,24.77613,100.783
156.823,-1205.294,141.32429,24.80041,100.763
156.823,-1207.994,141.32399,24.77604,100.783
157.723,-1207.994,141.33289,24.77596,100.783
171.223,-1268.294,141.45932,24.23033,101.221
236.923,-996.494,142.15236,26.67384,99.187
237.823,-999.194,142.1609,26.64934,99.208
239.623,-942.494,142.18956,27.16038,98.76
240.523,-946.094,142.19795,27.12777,98.789
241.423,-953.294,142.20566,27.06268,98.847
241.423,-954.194,142.20548,27.05457,98.854
242.323,-946.994,142.21592,27.11934,98.797
242.323,-950.594,142.21524,27.08688,98.825
242.323,-951.494,142.21506,27.07876,98.832
242.323,-952.394,142.21489,27.07065,98.84
242.323,-953.294,142.21472,27.06253,98.847
242.323,-954.194,142.21455,27.05442,98.854
242.323,-955.094,142.21438,27.0463,98.861
243.223,-952.394,142.22396,27.07049,98.84
243.223,-953.294,142.22379,27.06238,98.847
